1741272141003 2.998608350208848e-05 1
1741272142485 2.9944360721307587e-05 2
1741272143921 2.9874911745242377e-05 3
1741272145369 2.977786988237979e-05 4
1741272146817 2.9653421406220776e-05 5
1741272148240 2.9501805197725133e-05 6
1741272149687 2.9323312286775466e-05 7
1741272151122 2.911828529354039e-05 8
1741272152549 2.888711777080931e-05 9
1741272154038 2.863025344856116e-05 10
1741272155514 2.8348185382217193e-05 11
1741272156987 2.8041455006212752e-05 12
1741272158461 2.7710651094704665e-05 13
1741272159890 2.7356408631409302e-05 14
1741272161338 2.6979407590740544e-05 15
1741272162806 2.6580371632587364e-05 16
1741272164222 2.616006671323642e-05 17
1741272165657 2.5719299615105972e-05 18
1741272167089 2.5258916398113342e-05 19
1741272168545 2.4779800775648564e-05 20
