1741272141002 0.10666699707508087 1
1741272142483 0.1057044044137001 2
1741272143920 0.10432137548923492 3
1741272145368 0.10995850712060928 4
1741272146816 0.10710802674293518 5
1741272148239 0.10228659957647324 6
1741272149686 0.10572610795497894 7
1741272151121 0.10776032507419586 8
1741272152548 0.10186685621738434 9
1741272154038 0.10200835764408112 10
1741272155513 0.10553820431232452 11
1741272156986 0.10462002456188202 12
1741272158460 0.10587233304977417 13
1741272159889 0.10299894213676453 14
1741272161337 0.10449045896530151 15
1741272162805 0.10369548201560974 16
1741272164221 0.10436694324016571 17
1741272165656 0.1079694852232933 18
1741272167088 0.10069291293621063 19
1741272168544 0.10424238443374634 20
