1741271823943 2.998608350208848e-05 1
1741271825437 2.9944360721307587e-05 2
1741271826947 2.9874911745242377e-05 3
1741271828435 2.977786988237979e-05 4
1741271829907 2.9653421406220776e-05 5
1741271831337 2.9501805197725133e-05 6
1741271832818 2.9323312286775466e-05 7
1741271834323 2.911828529354039e-05 8
1741271835820 2.888711777080931e-05 9
1741271837286 2.863025344856116e-05 10
1741271838720 2.8348185382217193e-05 11
1741271840165 2.8041455006212752e-05 12
1741271841645 2.7710651094704665e-05 13
1741271843152 2.7356408631409302e-05 14
1741271844649 2.6979407590740544e-05 15
1741271846146 2.6580371632587364e-05 16
1741271847629 2.616006671323642e-05 17
1741271849057 2.5719299615105972e-05 18
1741271850490 2.5258916398113342e-05 19
1741271851988 2.4779800775648564e-05 20
1741271853496 2.428287241827156e-05 21
1741271854976 2.3769085188388897e-05 22
1741271856440 2.323942530929873e-05 23
1741271857914 2.2694909472118465e-05 24
1741271859353 2.213658288422891e-05 25
1741271860844 2.1565517262981008e-05 26
1741271862341 2.0982808778516205e-05 27
1741271863807 2.038957594964926e-05 28
1741271865307 1.9786957496852452e-05 29
1741271866785 1.9176110156462308e-05 30
1741271868257 1.855820646030458e-05 31
1741271869681 1.793443248499957e-05 32
1741271871125 1.7305985575267904e-05 33
1741271872552 1.6674072045607073e-05 34
1741271873974 1.6039904864750288e-05 35
1741271875413 1.5404701327352438e-05 36
1741271876846 1.4769680717372363e-05 37
1741271878282 1.4136061967636626e-05 38
1741271879720 1.3505061320077276e-05 39
1741271881165 1.287788999113486e-05 40
1741271882643 1.2255751846807912e-05 41
1741271884082 1.1639841091811768e-05 42
1741271885508 1.1031339977282382e-05 43
1741271886966 1.0431416531425192e-05 44
1741271888353 9.841222317465211e-06 45
1741271889733 9.261890223201894e-06 46
1741271891164 8.694532286411757e-06 47
1741271892591 8.140237560273094e-06 48
1741271894043 7.600070022909838e-06 49
1741271895467 7.0750665350675895e-06 50
1741271896907 6.566234849841824e-06 51
1741271898416 6.074551678278697e-06 52
1741271899937 5.600960814561696e-06 53
1741271901422 5.146371324382662e-06 54
