1741271823942 0.10923658311367035 1
1741271825436 0.10942068696022034 2
1741271826947 0.11009061336517334 3
1741271828434 0.10620716214179993 4
1741271829906 0.10556058585643768 5
1741271831336 0.10489535331726074 6
1741271832817 0.10600952804088593 7
1741271834314 0.10653240978717804 8
1741271835819 0.10494266450405121 9
1741271837285 0.1036500483751297 10
1741271838719 0.10629640519618988 11
1741271840164 0.1060306578874588 12
1741271841644 0.10485602915287018 13
1741271843151 0.10410238802433014 14
1741271844648 0.10358047485351562 15
1741271846146 0.0997549444437027 16
1741271847628 0.10120013356208801 17
1741271849056 0.10046887397766113 18
1741271850489 0.09782320261001587 19
1741271851987 0.10101931542158127 20
1741271853487 0.10370463132858276 21
1741271854975 0.10127228498458862 22
1741271856439 0.1046905368566513 23
1741271857913 0.09958716481924057 24
1741271859352 0.10093608498573303 25
1741271860843 0.09859935194253922 26
1741271862340 0.10129770636558533 27
1741271863806 0.09630203247070312 28
1741271865306 0.09715002775192261 29
1741271866784 0.10025756061077118 30
1741271868257 0.09824904799461365 31
1741271869680 0.10027064383029938 32
1741271871124 0.09899810701608658 33
1741271872551 0.09321737289428711 34
1741271873973 0.09359422326087952 35
1741271875412 0.09443323314189911 36
1741271876846 0.09755770862102509 37
1741271878281 0.09725889563560486 38
1741271879719 0.09872815757989883 39
1741271881164 0.09480206668376923 40
1741271882642 0.09223747253417969 41
1741271884081 0.09879001975059509 42
1741271885507 0.0988805890083313 43
1741271886965 0.09559687227010727 44
1741271888352 0.09437619149684906 45
1741271889732 0.09454280138015747 46
1741271891163 0.10035337507724762 47
1741271892590 0.09538622200489044 48
1741271894042 0.09484578669071198 49
1741271895466 0.09673801064491272 50
1741271896906 0.09653246402740479 51
1741271898408 0.0940115749835968 52
1741271899936 0.09927187860012054 53
1741271901421 0.09405113756656647 54
