1741338467735 2.9994989547753954e-05 1
1741338473227 2.9979961653692745e-05 2
1741338477896 2.995492670355712e-05 3
1741338483405 2.9919901998922584e-05 4
1741338487743 2.9874911745252632e-05 5
1741338491827 2.9819987035170438e-05 6
1741338496168 2.9755165826970837e-05 7
1741338499847 2.968049291838747e-05 8
1741338503514 2.959601991563321e-05 9
1741338507718 2.9501805197735254e-05 10
1741338511840 2.9397913876189594e-05 11
1741338515623 2.9284417749962626e-05 12
1741338519600 2.9161395255871155e-05 13
1741338523511 2.9028931414374915e-05 14
1741338527490 2.8887117770819216e-05 15
1741338531262 2.873605233216824e-05 16
1741338535002 2.8575839499272737e-05 17
1741338538668 2.840658999471893e-05 18
1741338542265 2.8228420786308468e-05 19
1741338545424 2.8041455006222354e-05 20
1741338548118 2.784582186592469e-05 21
1741338551911 2.7641656566865022e-05 22
1741338555562 2.742910020704105e-05 23
1741338558080 2.7208299683486246e-05 24
1741338561036 2.6979407590749777e-05 25
1741338564747 2.674258211543889e-05 26
1741338567779 2.6497986926896625e-05 27
1741338570889 2.624579106409049e-05 28
1741338574575 2.598616881879011e-05 29
1741338577215 2.5719299615114757e-05 30
1741338580756 2.5445367885533924e-05 31
1741338583476 2.5164562943406573e-05 32
1741338586595 2.4877078852147308e-05 33
1741338589446 2.4583114291109744e-05 34
1741338592360 2.4282872418279836e-05 35
1741338595576 2.3976560729874017e-05 36
1741338598443 2.366439091693923e-05 37
1741338600804 2.3346578719053896e-05 38
1741338603851 2.302334377523099e-05 39
1741338607092 2.2694909472126166e-05 40
1741338609739 2.2361502789656e-05 41
1741338612133 2.2023354144132818e-05 42
1741338614570 2.1680697229024752e-05 43
1741338617052 2.1333768853450904e-05 44
1741338620339 2.0982808778523296e-05 45
1741338623628 2.0628059551648734e-05 46
1741338626402 2.0269766338905035e-05 47
1741338628615 1.9908176755607556e-05 48
1741338631388 1.954354069518297e-05 49
1741338633892 1.9176110156468756e-05 50
1741338636042 1.8806139069557576e-05 51
1741338638867 1.843388312030697e-05 52
1741338640983 1.805959957363568e-05 53
1741338643616 1.7683547095728658e-05 54
1741338646421 1.730598557527369e-05 55
1741338648651 1.6927175943853134e-05 56
1741338651139 1.6547379995614916e-05 57
1741338653727 1.6166860206347414e-05 58
1741338656544 1.578587955208329e-05 59
1741338659098 1.540470132735755e-05 60
1741338661476 1.5023588963245514e-05 61
1741338663608 1.4642805845306457e-05 62
1741338665926 1.4262615131558647e-05 63
1741338667805 1.3883279570611675e-05 64
1741338669977 1.3505061320081715e-05 65
1741338671955 1.3128221765415212e-05 66
1741338673908 1.2753021339246239e-05 67
1741338676637 1.2379719341412287e-05 68
1741338678455 1.2008573759752995e-05 69
1741338680747 1.1639841091815548e-05 70
1741338683209 1.1273776167590012e-05 71
1741338685955 1.091063197339716e-05 72
1741338688127 1.0550659477050394e-05 73
1741338690426 1.019410745441268e-05 74
1741338692431 9.84122231746835e-06 75
1741338694444 9.492247944028519e-06 76
1741338696537 9.147425509187917e-06 77
1741338698419 8.806993318649544e-06 78
1741338700342 8.471186644032317e-06 79
1741338702462 8.140237560275623e-06 80
1741338704151 7.814374785253046e-06 81
1741338706184 7.4938235217061504e-06 82
1741338708008 7.1788053016075745e-06 83
1741338710531 6.86953783306102e-06 84
1741338712631 6.566234849843794e-06 85
1741338714535 6.269105963696131e-06 86
1741338716451 5.978356519459128e-06 87
1741338718158 5.694187453161608e-06 88
1741338719996 5.416795153153826e-06 89
1741338722260 5.146371324384129e-06 90
1741338724218 4.883102855912246e-06 91
1741338726153 4.627171691750844e-06 92
1741338727832 4.378754705124614e-06 93
1741338729616 4.138023576233701e-06 94
1741338731585 3.9051446736061095e-06 95
1741338733316 3.6802789391208852e-06 96
1741338735437 3.4635817767817124e-06 97
1741338737121 3.2552029453176964e-06 98
1741338738849 3.0552864546855575e-06 99
1741338740730 2.8639704665448364e-06 100
1741338742490 2.6813871987747567e-06 101
1741338744206 2.5076628340989083e-06 102
1741338746020 2.3429174328807306e-06 103
1741338747716 2.187264850150187e-06 104
1741338749488 2.040812656918921e-06 105
1741338751417 1.9036620658382386e-06 106
1741338753240 1.7759078612513922e-06 107
1741338755086 1.657638333688393e-06 108
1741338756714 1.548935218848728e-06 109
1741338758382 1.4498736411140493e-06 110
1741338760010 1.3605220616299742e-06 111
1741338761730 1.2809422309927795e-06 112
1741338763207 1.2111891465737712e-06 113
1741338764960 1.151311014510774e-06 114
1741338766765 1.101349216393013e-06 115
1741338768547 1.0613382806624393e-06 116
1741338770268 1.0313058587512151e-06 117
1741338771890 1.0112727059719129e-06 118
1741338773630 1.0012526671735716e-06 119
1741338775404 1.0012526671735716e-06 120
1741338777401 1.0112727059719129e-06 121
1741338779136 1.031305858751215e-06 122
1741338780637 1.061338280662439e-06 123
1741338782110 1.1013492163930141e-06 124
1741338783654 1.1513110145107717e-06 125
1741338785493 1.2111891465737701e-06 126
1741338787193 1.2809422309927766e-06 127
1741338788831 1.3605220616299725e-06 128
1741338790702 1.4498736411140488e-06 129
1741338792618 1.5489352188487238e-06 130
1741338794357 1.6576383336883918e-06 131
1741338796137 1.7759078612513871e-06 132
1741338797742 1.9036620658382348e-06 133
1741338799200 2.0408126569189166e-06 134
1741338800772 2.1872648501501806e-06 135
1741338802415 2.3429174328807234e-06 136
1741338804198 2.5076628340989006e-06 137
1741338805741 2.681387198774752e-06 138
1741338807507 2.863970466544828e-06 139
1741338808988 3.0552864546855482e-06 140
1741338810813 3.2552029453176837e-06 141
1741338812412 3.4635817767817023e-06 142
1741338814026 3.680278939120875e-06 143
1741338815477 3.905144673606099e-06 144
1741338817128 4.138023576233693e-06 145
1741338818688 4.378754705124598e-06 146
1741338820111 4.627171691750833e-06 147
1741338821647 4.883102855912234e-06 148
1741338823076 5.146371324384116e-06 149
1741338824506 5.416795153153813e-06 150
1741338825954 5.694187453161588e-06 151
1741338827606 5.978356519459111e-06 152
1741338829149 6.269105963696121e-06 153
1741338830887 6.566234849843782e-06 154
1741338832423 6.869537833061001e-06 155
1741338834011 7.178805301607555e-06 156
1741338835459 7.493823521706119e-06 157
1741338837121 7.814374785253024e-06 158
1741338838571 8.140237560275601e-06 159
1741338840073 8.471186644032299e-06 160
1741338841822 8.80699331864952e-06 161
1741338843537 9.147425509187891e-06 162
1741338844963 9.492247944028485e-06 163
1741338846616 9.841222317468311e-06 164
1741338848337 1.019410745441265e-05 165
1741338849891 1.0550659477050369e-05 166
1741338851348 1.091063197339713e-05 167
1741338852733 1.127377616758998e-05 168
1741338854197 1.1639841091815509e-05 169
1741338855670 1.2008573759752966e-05 170
1741338857131 1.237971934141225e-05 171
1741338858636 1.2753021339246196e-05 172
1741338860205 1.3128221765415166e-05 173
1741338861792 1.3505061320081674e-05 174
1741338863421 1.3883279570611631e-05 175
1741338864887 1.4262615131558598e-05 176
1741338866317 1.4642805845306416e-05 177
1741338867774 1.502358896324547e-05 178
1741338869186 1.540470132735751e-05 179
1741338870767 1.5785879552083248e-05 180
1741338872395 1.6166860206347363e-05 181
1741338873947 1.6547379995614855e-05 182
1741338875370 1.692717594385307e-05 183
1741338876852 1.7305985575273636e-05 184
1741338878317 1.7683547095728597e-05 185
1741338879778 1.8059599573635614e-05 186
1741338881329 1.843388312030692e-05 187
1741338882777 1.8806139069557532e-05 188
1741338884202 1.917611015646871e-05 189
1741338885668 1.9543540695182918e-05 190
1741338887133 1.9908176755607502e-05 191
1741338888596 2.0269766338904984e-05 192
1741338890019 2.062805955164869e-05 193
1741338891638 2.098280877852325e-05 194
1741338893156 2.133376885345085e-05 195
1741338894658 2.168069722902469e-05 196
1741338896132 2.2023354144132747e-05 197
1741338897838 2.2361502789655947e-05 198
1741338899262 2.2694909472126112e-05 199
1741338900683 2.3023343775230928e-05 200
1741338902138 2.3346578719053836e-05 201
1741338903595 2.3664390916939172e-05 202
1741338905021 2.397656072987396e-05 203
1741338906483 2.428287241827977e-05 204
1741338907947 2.4583114291109676e-05 205
1741338909423 2.487707885214723e-05 206
1741338910888 2.51645629434065e-05 207
1741338912361 2.5445367885533863e-05 208
1741338913845 2.5719299615114693e-05 209
1741338915371 2.598616881879004e-05 210
1741338916867 2.6245791064090427e-05 211
1741338918344 2.6497986926896565e-05 212
1741338919798 2.674258211543882e-05 213
1741338921239 2.697940759074971e-05 214
1741338922708 2.7208299683486168e-05 215
1741338924162 2.7429100207040976e-05 216
1741338925614 2.7641656566864948e-05 217
1741338927136 2.7845821865924616e-05 218
1741338928609 2.8041455006222283e-05 219
1741338930065 2.8228420786308397e-05 220
1741338931567 2.8406589994718857e-05 221
1741338933046 2.8575839499272663e-05 222
1741338934509 2.873605233216816e-05 223
1741338935979 2.8887117770819135e-05 224
1741338937446 2.902893141437484e-05 225
1741338938908 2.9161395255871084e-05 226
1741338940326 2.928441774996256e-05 227
1741338941789 2.9397913876189516e-05 228
1741338943239 2.9501805197735176e-05 229
1741338944694 2.9596019915633134e-05 230
1741338946146 2.96804929183874e-05 231
1741338947673 2.9755165826970762e-05 232
1741338949131 2.9819987035170363e-05 233
1741338950585 2.9874911745252554e-05 234
1741338951998 2.9919901998922506e-05 235
1741338953541 2.9954926703557043e-05 236
1741338955092 2.9979961653692664e-05 237
1741338956524 2.9994989547753876e-05 238
1741338957995 3.0000000000010223e-05 239
1741339301286 2.9994989547753876e-05 240
1741339302689 2.9979961653692664e-05 241
1741339304100 2.9954926703557043e-05 242
1741339305482 2.991990199892251e-05 243
1741339306884 2.9874911745252554e-05 244
1741339308313 2.981998703517036e-05 245
1741339309744 2.975516582697076e-05 246
1741339311166 2.9680492918387395e-05 247
1741339312573 2.959601991563313e-05 248
1741339314095 2.9501805197735176e-05 249
1741339315525 2.9397913876189516e-05 250
1741339316959 2.928441774996255e-05 251
1741339318365 2.9161395255871084e-05 252
1741339319738 2.902893141437484e-05 253
1741339321162 2.888711777081914e-05 254
1741339322535 2.8736052332168164e-05 255
1741339323978 2.8575839499272666e-05 256
1741339325396 2.840658999471886e-05 257
1741339326803 2.8228420786308397e-05 258
1741339328169 2.8041455006222286e-05 259
1741339329592 2.7845821865924626e-05 260
1741339330997 2.764165656686496e-05 261
1741339332402 2.7429100207040976e-05 262
1741339333805 2.7208299683486178e-05 263
1741339335208 2.6979407590749712e-05 264
1741339336589 2.6742582115438828e-05 265
1741339338016 2.6497986926896568e-05 266
1741339339434 2.6245791064090427e-05 267
1741339340849 2.5986168818790048e-05 268
1741339342266 2.57192996151147e-05 269
1741339343686 2.544536788553387e-05 270
1741339345098 2.5164562943406522e-05 271
1741339346428 2.487707885214724e-05 272
1741339347833 2.4583114291109683e-05 273
1741339349253 2.4282872418279778e-05 274
1741339350670 2.3976560729873963e-05 275
1741339352076 2.3664390916939172e-05 276
1741339353480 2.3346578719053846e-05 277
1741339354849 2.3023343775230938e-05 278
1741339356255 2.2694909472126122e-05 279
1741339357666 2.2361502789655957e-05 280
1741339359068 2.2023354144132767e-05 281
1741339360435 2.1680697229024704e-05 282
1741339361863 2.1333768853450853e-05 283
1741339363268 2.0982808778523252e-05 284
1741339364671 2.062805955164868e-05 285
1741339366043 2.026976633890499e-05 286
1741339367415 1.990817675560751e-05 287
1741339368820 1.9543540695182928e-05 288
1741339370222 1.917611015646872e-05 289
1741339371644 1.8806139069557532e-05 290
1741339373062 1.843388312030693e-05 291
1741339374392 1.8059599573635645e-05 292
1741339375762 1.7683547095728628e-05 293
1741339377172 1.730598557527365e-05 294
1741339378576 1.6927175943853083e-05 295
1741339379987 1.6547379995614865e-05 296
1741339381354 1.6166860206347373e-05 297
1741339382730 1.5785879552083254e-05 298
1741339384135 1.5404701327357503e-05 299
1741339385502 1.5023588963245475e-05 300
1741339386921 1.4642805845306422e-05 301
1741339388327 1.4262615131558615e-05 302
1741339389751 1.3883279570611648e-05 303
1741339391128 1.3505061320081681e-05 304
1741339392551 1.3128221765415185e-05 305
1741339393945 1.2753021339246191e-05 306
1741339395390 1.2379719341412245e-05 307
1741339396814 1.2008573759752958e-05 308
1741339398255 1.1639841091815512e-05 309
1741339399665 1.1273776167589983e-05 310
1741339401033 1.0910631973397134e-05 311
1741339402359 1.0550659477050374e-05 312
1741339403786 1.0194107454412668e-05 313
1741339405210 9.841222317468342e-06 314
1741339406635 9.49224794402849e-06 315
1741339408036 9.147425509187896e-06 316
1741339409441 8.806993318649525e-06 317
1741339410860 8.471186644032302e-06 318
1741339412282 8.140237560275615e-06 319
1741339413687 7.814374785253018e-06 320
1741339415090 7.493823521706125e-06 321
1741339416500 7.17880530160756e-06 322
1741339417907 6.869537833061006e-06 323
1741339419274 6.566234849843788e-06 324
1741339420705 6.269105963696126e-06 325
1741339422124 5.978356519459128e-06 326
1741339423494 5.694187453161589e-06 327
1741339424898 5.416795153153832e-06 328
1741339426303 5.146371324384121e-06 329
1741339427633 4.883102855912239e-06 330
1741339429003 4.627171691750842e-06 331
1741339430370 4.378754705124596e-06 332
1741339431781 4.1380235762337065e-06 333
1741339433160 3.9051446736061e-06 334
1741339434564 3.6802789391208768e-06 335
1741339435937 3.4635817767817074e-06 336
1741339437317 3.255202945317692e-06 337
1741339438728 3.0552864546855618e-06 338
1741339440069 2.86397046654484e-06 339
1741339441445 2.681387198774751e-06 340
1741339442873 2.507662834098914e-06 341
1741339444303 2.3429174328807272e-06 342
1741339445727 2.1872648501501776e-06 343
1741339447098 2.0408126569189234e-06 344
1741339448518 1.9036620658382333e-06 345
1741339449925 1.7759078612513952e-06 346
1741339451302 1.6576383336883918e-06 347
1741339452675 1.5489352188487268e-06 348
1741339454088 1.4498736411140516e-06 349
1741339455456 1.360522061629975e-06 350
1741339456861 1.2809422309927806e-06 351
1741339458278 1.211189146573774e-06 352
1741339459694 1.1513110145107721e-06 353
1741339461071 1.1013492163930144e-06 354
1741339462497 1.0613382806624391e-06 355
1741339463924 1.0313058587512166e-06 356
1741339465293 1.0112727059719129e-06 357
1741339466709 1.0012526671735716e-06 358
1741339468082 1.0012526671735716e-06 359
1741339469496 1.0112727059719129e-06 360
1741339470863 1.0313058587512135e-06 361
1741339472287 1.0613382806624391e-06 362
1741339473694 1.101349216393016e-06 363
1741339475095 1.1513110145107704e-06 364
1741339476466 1.2111891465737722e-06 365
1741339477870 1.280942230992774e-06 366
1741339479241 1.3605220616299734e-06 367
1741339480643 1.4498736411140482e-06 368
1741339482052 1.5489352188487234e-06 369
1741339483461 1.6576383336883882e-06 370
1741339484902 1.7759078612513918e-06 371
1741339486311 1.9036620658382297e-06 372
1741339487729 2.0408126569189183e-06 373
1741339489154 2.1872648501501844e-06 374
1741339490575 2.342917432880723e-06 375
1741339491981 2.50766283409891e-06 376
1741339493479 2.681387198774747e-06 377
1741339494998 2.863970466544836e-06 378
1741339496448 3.055286454685544e-06 379
1741339497861 3.2552029453176896e-06 380
1741339499188 3.463581776781704e-06 381
1741339500613 3.680278939120876e-06 382
1741339501986 3.9051446736060985e-06 383
1741339503409 4.13802357623369e-06 384
1741339504790 4.378754705124612e-06 385
1741339506218 4.6271716917508425e-06 386
1741339507638 4.883102855912239e-06 387
1741339509045 5.146371324384122e-06 388
1741339510452 5.416795153153834e-06 389
1741339511857 5.694187453161592e-06 390
1741339513265 5.9783565194591305e-06 391
1741339514670 6.269105963696108e-06 392
1741339516077 6.566234849843792e-06 393
1741339517444 6.869537833060989e-06 394
1741339518864 7.178805301607565e-06 395
1741339520270 7.493823521706152e-06 396
1741339521638 7.814374785253025e-06 397
1741339523064 8.140237560275623e-06 398
1741339524476 8.47118664403231e-06 399
1741339525844 8.806993318649532e-06 400
1741339527254 9.147425509187905e-06 401
1741339528677 9.4922479440285e-06 402
1741339530048 9.841222317468328e-06 403
1741339531472 1.019410745441268e-05 404
1741339532844 1.0550659477050362e-05 405
1741339534220 1.0910631973397151e-05 406
1741339535621 1.1273776167590002e-05 407
1741339536993 1.1639841091815533e-05 408
1741339538370 1.2008573759753005e-05 409
1741339539794 1.2379719341412267e-05 410
1741339541217 1.2753021339246239e-05 411
1741339542600 1.3128221765415183e-05 412
1741339544028 1.3505061320081705e-05 413
1741339545467 1.3883279570611664e-05 414
1741339546875 1.426261513155863e-05 415
1741339548244 1.4642805845306464e-05 416
1741339549642 1.5023588963245515e-05 417
1741339551030 1.5404701327357544e-05 418
1741339552440 1.5785879552083285e-05 419
1741339553813 1.61668602063474e-05 420
1741339555227 1.6547379995614892e-05 421
1741339556553 1.692717594385313e-05 422
1741339557933 1.730598557527366e-05 423
1741339559342 1.7683547095728648e-05 424
1741339560756 1.8059599573635638e-05 425
1741339562133 1.8433883120306952e-05 426
1741339563539 1.880613906955758e-05 427
1741339564966 1.9176110156468732e-05 428
1741339566378 1.9543540695182962e-05 429
1741339567807 1.990817675560752e-05 430
1741339569228 2.0269766338905025e-05 431
1741339570555 2.0628059551648717e-05 432
1741339571924 2.0982808778523276e-05 433
1741339573351 2.133376885345088e-05 434
1741339574767 2.168069722902472e-05 435
1741339576094 2.2023354144132777e-05 436
1741339577429 2.236150278965598e-05 437
1741339578841 2.269490947212615e-05 438
1741339580209 2.302334377523097e-05 439
1741339581618 2.3346578719053896e-05 440
1741339582950 2.3664390916939206e-05 441
1741339584368 2.3976560729874014e-05 442
1741339585742 2.428287241827981e-05 443
1741339587109 2.458311429110974e-05 444
1741339588521 2.4877078852147298e-05 445
1741339589928 2.5164562943406563e-05 446
1741339591296 2.5445367885533913e-05 447
1741339592668 2.571929961511475e-05 448
1741339594088 2.5986168818790115e-05 449
1741339595501 2.624579106409049e-05 450
1741339596873 2.649798692689663e-05 451
1741339598248 2.674258211543889e-05 452
1741339599658 2.6979407590749777e-05 453
1741339601030 2.720829968348625e-05 454
1741339602399 2.7429100207041064e-05 455
1741339603809 2.764165656686502e-05 456
1741339605234 2.7845821865924704e-05 457
1741339606659 2.8041455006222354e-05 458
1741339608025 2.8228420786308475e-05 459
1741339609447 2.840658999471895e-05 460
1741339610850 2.8575839499272744e-05 461
1741339612255 2.8736052332168252e-05 462
1741339613622 2.8887117770819223e-05 463
1741339615041 2.9028931414374936e-05 464
1741339616453 2.916139525587118e-05 465
1741339617783 2.9284417749962646e-05 466
1741339619154 2.939791387618961e-05 467
1741339620522 2.9501805197735277e-05 468
1741339621927 2.9596019915633225e-05 469
1741339623357 2.9680492918387494e-05 470
1741339624780 2.9755165826970864e-05 471
1741339626199 2.9819987035170465e-05 472
1741339627607 2.9874911745252656e-05 473
1741339629062 2.9919901998922608e-05 474
1741339630477 2.995492670355715e-05 475
1741339631878 2.9979961653692772e-05 476
1741339633283 2.9994989547753984e-05 477
1741339634691 3.000000000001033e-05 478
