1741338467734 0.04701932892203331 1
1741338473226 0.063392773270607 2
1741338477895 0.05400513857603073 3
1741338483405 0.05468817427754402 4
1741338487742 0.04682810604572296 5
1741338491826 0.05113130807876587 6
1741338496167 0.046937067061662674 7
1741338499846 0.051544226706027985 8
1741338503513 0.05530144274234772 9
1741338507717 0.04847504198551178 10
1741338511839 0.049479544162750244 11
1741338515622 0.04204604774713516 12
1741338519600 0.05275305360555649 13
1741338523510 0.05103658512234688 14
1741338527489 0.06328432261943817 15
1741338531261 0.04119792953133583 16
1741338535002 0.05007730424404144 17
1741338538667 0.04100861772894859 18
1741338542264 0.05313810333609581 19
1741338545423 0.049024924635887146 20
1741338548117 0.046165067702531815 21
1741338551911 0.05181702971458435 22
1741338555561 0.05009773373603821 23
1741338558079 0.04789668321609497 24
1741338561035 0.04211179167032242 25
1741338564746 0.04912792891263962 26
1741338567778 0.056206170469522476 27
1741338570888 0.04784545674920082 28
1741338574575 0.057464390993118286 29
1741338577207 0.040902189910411835 30
1741338580755 0.051770273596048355 31
1741338583475 0.04223094880580902 32
1741338586594 0.05411685258150101 33
1741338589445 0.04523827135562897 34
1741338592359 0.039432644844055176 35
1741338595575 0.05532793700695038 36
1741338598442 0.050597891211509705 37
1741338600803 0.04072953760623932 38
1741338603850 0.047078341245651245 39
1741338607091 0.05308517813682556 40
1741338609738 0.03796768561005592 41
1741338612132 0.05135878548026085 42
1741338614569 0.058752983808517456 43
1741338617046 0.0523490384221077 44
1741338620339 0.05083002522587776 45
1741338623627 0.04458096623420715 46
1741338626401 0.04310762882232666 47
1741338628614 0.05412790924310684 48
1741338631388 0.042926713824272156 49
1741338633891 0.03590681031346321 50
1741338636033 0.04351608827710152 51
1741338638866 0.050893090665340424 52
1741338640982 0.04956334829330444 53
1741338643615 0.05394527316093445 54
1741338646420 0.046495646238327026 55
1741338648650 0.043868761509656906 56
1741338651138 0.05046429485082626 57
1741338653726 0.05428655445575714 58
1741338656543 0.03836087882518768 59
1741338659097 0.05840892344713211 60
1741338661476 0.03152371197938919 61
1741338663607 0.04228910803794861 62
1741338665925 0.04484193027019501 63
1741338667804 0.0361781120300293 64
1741338669976 0.042811788618564606 65
1741338671954 0.044188596308231354 66
1741338673907 0.04650583118200302 67
1741338676636 0.035842329263687134 68
1741338678455 0.03053079918026924 69
1741338680746 0.03989531472325325 70
1741338683208 0.03650141507387161 71
1741338685954 0.05357646942138672 72
1741338688126 0.04478054493665695 73
1741338690425 0.046710461378097534 74
1741338692430 0.04987923800945282 75
1741338694444 0.04379526525735855 76
1741338696536 0.048853371292352676 77
1741338698418 0.04788483679294586 78
1741338700341 0.04127795249223709 79
1741338702461 0.04218310862779617 80
1741338704150 0.03699831664562225 81
1741338706183 0.05593634396791458 82
1741338708007 0.03655405342578888 83
1741338710530 0.04548973590135574 84
1741338712630 0.0498606413602829 85
1741338714534 0.05213979631662369 86
1741338716450 0.04146252200007439 87
1741338718157 0.057707007974386215 88
1741338719995 0.050980597734451294 89
1741338722259 0.034856364130973816 90
1741338724217 0.04836564511060715 91
1741338726152 0.04893708974123001 92
1741338727832 0.0376819483935833 93
1741338729615 0.05009223893284798 94
1741338731584 0.041349492967128754 95
1741338733316 0.052037935703992844 96
1741338735436 0.03946572169661522 97
1741338737121 0.045597225427627563 98
1741338738848 0.03346971794962883 99
1741338740729 0.04693188518285751 100
1741338742489 0.04603981599211693 101
1741338744206 0.03954440727829933 102
1741338746019 0.04058985039591789 103
1741338747716 0.04862173646688461 104
1741338749488 0.04895744100213051 105
1741338751416 0.047593582421541214 106
1741338753239 0.04425434395670891 107
1741338755085 0.04408789426088333 108
1741338756713 0.035674456506967545 109
1741338758381 0.04868760704994202 110
1741338760010 0.04345119744539261 111
1741338761729 0.0425967201590538 112
1741338763206 0.04615968465805054 113
1741338764959 0.038370415568351746 114
1741338766764 0.04848222807049751 115
1741338768546 0.041409678757190704 116
1741338770267 0.038071177899837494 117
1741338771889 0.04055352509021759 118
1741338773629 0.03860299289226532 119
1741338775403 0.04661819711327553 120
1741338777400 0.05034727603197098 121
1741338779135 0.031172245740890503 122
1741338780637 0.04254577308893204 123
1741338782109 0.036952584981918335 124
1741338783653 0.04618271440267563 125
1741338785492 0.04527502506971359 126
1741338787192 0.053446218371391296 127
1741338788830 0.03654471039772034 128
1741338790702 0.04457438364624977 129
1741338792617 0.04331885278224945 130
1741338794357 0.04740802198648453 131
1741338796136 0.044148921966552734 132
1741338797741 0.04407050833106041 133
1741338799199 0.040698692202568054 134
1741338800771 0.03459902107715607 135
1741338802414 0.04381059855222702 136
1741338804197 0.04273135960102081 137
1741338805740 0.049316685646772385 138
1741338807507 0.052279338240623474 139
1741338808987 0.04540015757083893 140
1741338810812 0.04297372326254845 141
1741338812411 0.030063221231102943 142
1741338814026 0.036133766174316406 143
1741338815477 0.04103141650557518 144
1741338817128 0.04016935080289841 145
1741338818687 0.042387429624795914 146
1741338820110 0.04251747950911522 147
1741338821646 0.043740466237068176 148
1741338823075 0.04470743238925934 149
1741338824500 0.04317475110292435 150
1741338825954 0.03888270631432533 151
1741338827605 0.0450579933822155 152
1741338829148 0.0383891686797142 153
1741338830886 0.04738127440214157 154
1741338832422 0.039296381175518036 155
1741338834010 0.04826553538441658 156
1741338835458 0.05447107553482056 157
1741338837121 0.05242672935128212 158
1741338838570 0.04523755609989166 159
1741338840072 0.04531995579600334 160
1741338841822 0.046350132673978806 161
1741338843536 0.04487636312842369 162
1741338844962 0.040742434561252594 163
1741338846615 0.046173095703125 164
1741338848336 0.04838930815458298 165
1741338849890 0.04280626028776169 166
1741338851347 0.04533107578754425 167
1741338852732 0.042475514113903046 168
1741338854196 0.04060959070920944 169
1741338855669 0.04416324943304062 170
1741338857130 0.037227846682071686 171
1741338858636 0.045483045279979706 172
1741338860204 0.06398269534111023 173
1741338861791 0.05074268579483032 174
1741338863420 0.05156634747982025 175
1741338864886 0.04655188322067261 176
1741338866316 0.044084787368774414 177
1741338867773 0.0373738631606102 178
1741338869185 0.04262770712375641 179
1741338870766 0.0451689213514328 180
1741338872394 0.046794064342975616 181
1741338873946 0.03536873310804367 182
1741338875369 0.04006443917751312 183
1741338876851 0.04294921085238457 184
1741338878316 0.04188866913318634 185
1741338879777 0.03391104191541672 186
1741338881328 0.060099005699157715 187
1741338882776 0.03242170810699463 188
1741338884202 0.03676125407218933 189
1741338885667 0.038752175867557526 190
1741338887132 0.03833501413464546 191
1741338888595 0.04359770566225052 192
1741338890018 0.042725637555122375 193
1741338891637 0.04459542781114578 194
1741338893155 0.04712333902716637 195
1741338894658 0.054318275302648544 196
1741338896126 0.04708445072174072 197
1741338897838 0.047738201916217804 198
1741338899262 0.038164518773555756 199
1741338900683 0.0428142249584198 200
1741338902137 0.03372282534837723 201
1741338903594 0.04065239429473877 202
1741338905020 0.04308171570301056 203
1741338906474 0.04507817327976227 204
1741338907947 0.04722287505865097 205
1741338909422 0.05397607386112213 206
1741338910887 0.0421845018863678 207
1741338912360 0.04580002278089523 208
1741338913844 0.04611384496092796 209
1741338915370 0.040684767067432404 210
1741338916866 0.035031650215387344 211
1741338918343 0.03597939759492874 212
1741338919797 0.04788883402943611 213
1741338921238 0.03950180485844612 214
1741338922707 0.03957740589976311 215
1741338924162 0.046072956174612045 216
1741338925613 0.04069108888506889 217
1741338927130 0.04373232647776604 218
1741338928608 0.05120772495865822 219
1741338930064 0.035082947462797165 220
1741338931566 0.04231911152601242 221
1741338933045 0.040374092757701874 222
1741338934508 0.04205157235264778 223
1741338935978 0.037899479269981384 224
1741338937445 0.04102229326963425 225
1741338938907 0.04713474586606026 226
1741338940325 0.04099825769662857 227
1741338941788 0.044727809727191925 228
1741338943238 0.04969438910484314 229
1741338944693 0.04516522213816643 230
1741338946145 0.04624619334936142 231
1741338947672 0.04872415214776993 232
1741338949131 0.03731686621904373 233
1741338950584 0.0446292944252491 234
1741338951997 0.039617788046598434 235
1741338953540 0.05006178840994835 236
1741338955091 0.04154438525438309 237
1741338956523 0.04578543081879616 238
1741338957995 0.03579358756542206 239
1741339301285 0.05136945843696594 240
1741339302688 0.04863555729389191 241
1741339304099 0.03796582296490669 242
1741339305481 0.039923712611198425 243
1741339306883 0.048492252826690674 244
1741339308312 0.03266918659210205 245
1741339309743 0.028284430503845215 246
1741339311165 0.035548411309719086 247
1741339312572 0.04797566309571266 248
1741339314094 0.04459657520055771 249
1741339315524 0.03601091727614403 250
1741339316958 0.03666401654481888 251
1741339318364 0.025841232389211655 252
1741339319737 0.04451396316289902 253
1741339321161 0.034468334168195724 254
1741339322534 0.048619575798511505 255
1741339323977 0.032621223479509354 256
1741339325396 0.03219817206263542 257
1741339326802 0.03691308945417404 258
1741339328168 0.049761105328798294 259
1741339329591 0.03479759022593498 260
1741339330996 0.037169139832258224 261
1741339332401 0.03844894468784332 262
1741339333804 0.03983480483293533 263
1741339335208 0.03894159197807312 264
1741339336588 0.032510265707969666 265
1741339338016 0.03971966356039047 266
1741339339434 0.042565684765577316 267
1741339340848 0.03400283679366112 268
1741339342265 0.030021343380212784 269
1741339343685 0.033583901822566986 270
1741339345097 0.033090271055698395 271
1741339346428 0.037286028265953064 272
1741339347832 0.03494937717914581 273
1741339349252 0.03916135057806969 274
1741339350669 0.042854733765125275 275
1741339352076 0.04018460959196091 276
1741339353480 0.03999391570687294 277
1741339354848 0.0385005883872509 278
1741339356254 0.03984646499156952 279
1741339357665 0.044896066188812256 280
1741339359067 0.04844566434621811 281
1741339360434 0.03339292109012604 282
1741339361862 0.028137918561697006 283
1741339363268 0.041014932096004486 284
1741339364670 0.03861449658870697 285
1741339366042 0.04633012041449547 286
1741339367408 0.03968339040875435 287
1741339368819 0.035818278789520264 288
1741339370221 0.030374426394701004 289
1741339371643 0.04154643416404724 290
1741339373061 0.0430169403553009 291
1741339374391 0.04139874503016472 292
1741339375761 0.04903183504939079 293
1741339377172 0.032500799745321274 294
1741339378575 0.03452282398939133 295
1741339379986 0.03454393148422241 296
1741339381353 0.03256634250283241 297
1741339382729 0.035177405923604965 298
1741339384134 0.04332965612411499 299
1741339385502 0.03725970536470413 300
1741339386920 0.033538855612277985 301
1741339388326 0.04416048154234886 302
1741339389750 0.04809221625328064 303
1741339391127 0.03630973398685455 304
1741339392551 0.045878343284130096 305
1741339393944 0.023844361305236816 306
1741339395390 0.03583930432796478 307
1741339396813 0.03259246051311493 308
1741339398254 0.03367634862661362 309
1741339399664 0.03185894712805748 310
1741339401032 0.0419987291097641 311
1741339402358 0.02978658489882946 312
1741339403785 0.028518473729491234 313
1741339405209 0.03148900717496872 314
1741339406634 0.03749018907546997 315
1741339408035 0.03853936493396759 316
1741339409440 0.0344415158033371 317
1741339410859 0.034708768129348755 318
1741339412282 0.03425459563732147 319
1741339413686 0.04491417109966278 320
1741339415089 0.043621551245450974 321
1741339416500 0.044722266495227814 322
1741339417906 0.04457470029592514 323
1741339419273 0.03616199642419815 324
1741339420701 0.03692428767681122 325
1741339422124 0.03858577087521553 326
1741339423493 0.03495984524488449 327
1741339424897 0.03439679369330406 328
1741339426302 0.03324972093105316 329
1741339427632 0.04443693906068802 330
1741339429002 0.030524127185344696 331
1741339430370 0.033198028802871704 332
1741339431780 0.030282149091362953 333
1741339433160 0.035354942083358765 334
1741339434563 0.036017246544361115 335
1741339435936 0.040571488440036774 336
1741339437317 0.034132663160562515 337
1741339438727 0.03502773493528366 338
1741339440068 0.033242687582969666 339
1741339441444 0.026322558522224426 340
1741339442872 0.03737318515777588 341
1741339444302 0.03658808767795563 342
1741339445726 0.034404903650283813 343
1741339447097 0.03341937065124512 344
1741339448518 0.0355454683303833 345
1741339449924 0.03388667106628418 346
1741339451301 0.033571500331163406 347
1741339452674 0.028881791979074478 348
1741339454087 0.030976448208093643 349
1741339455455 0.03264027088880539 350
1741339456860 0.036423325538635254 351
1741339458278 0.03650990128517151 352
1741339459693 0.03353459760546684 353
1741339461070 0.040186427533626556 354
1741339462496 0.03912779688835144 355
1741339463923 0.03772329166531563 356
1741339465293 0.03033308871090412 357
1741339466709 0.04381079226732254 358
1741339468081 0.03329131752252579 359
1741339469495 0.03824883699417114 360
1741339470862 0.02552931010723114 361
1741339472286 0.03482692688703537 362
1741339473694 0.037077099084854126 363
1741339475095 0.041178494691848755 364
1741339476465 0.027131009846925735 365
1741339477870 0.04438355937600136 366
1741339479240 0.030561763793230057 367
1741339480642 0.039815619587898254 368
1741339482051 0.03201908990740776 369
1741339483460 0.04593583196401596 370
1741339484902 0.03389711305499077 371
1741339486310 0.028197772800922394 372
1741339487728 0.045438364148139954 373
1741339489153 0.03598284721374512 374
1741339490574 0.025470662862062454 375
1741339491980 0.034025367349386215 376
1741339493479 0.03534329682588577 377
1741339494998 0.039217300713062286 378
1741339496447 0.03737149387598038 379
1741339497860 0.028674419969320297 380
1741339499188 0.030189350247383118 381
1741339500612 0.03141522780060768 382
1741339501985 0.029799409210681915 383
1741339503408 0.03488603234291077 384
1741339504789 0.03174598515033722 385
1741339506218 0.03940333425998688 386
1741339507637 0.031247731298208237 387
1741339509044 0.030836835503578186 388
1741339510452 0.033953700214624405 389
1741339511856 0.03265393152832985 390
1741339513264 0.03888368979096413 391
1741339514669 0.02943822741508484 392
1741339516076 0.04181058332324028 393
1741339517443 0.027758419513702393 394
1741339518863 0.03440409153699875 395
1741339520270 0.03036971017718315 396
1741339521637 0.03557905927300453 397
1741339523063 0.03787143528461456 398
1741339524475 0.03584226220846176 399
1741339525843 0.043627090752124786 400
1741339527245 0.03404315561056137 401
1741339528676 0.03848174214363098 402
1741339530047 0.026606030762195587 403
1741339531472 0.030985239893198013 404
1741339532843 0.03962809965014458 405
1741339534219 0.034610919654369354 406
1741339535620 0.03971872478723526 407
1741339536992 0.0329047292470932 408
1741339538369 0.041817937046289444 409
1741339539793 0.03468912094831467 410
1741339541216 0.03348309174180031 411
1741339542599 0.0427914559841156 412
1741339544024 0.025661077350378036 413
1741339545466 0.039309605956077576 414
1741339546874 0.034576959908008575 415
1741339548243 0.03596476837992668 416
1741339549641 0.025392422452569008 417
1741339551030 0.03864648938179016 418
1741339552439 0.04310525208711624 419
1741339553812 0.036557942628860474 420
1741339555227 0.03649565950036049 421
1741339556552 0.030790269374847412 422
1741339557933 0.033195264637470245 423
1741339559341 0.035370588302612305 424
1741339560755 0.027880912646651268 425
1741339562132 0.03158272057771683 426
1741339563538 0.03697375953197479 427
1741339564966 0.0360061414539814 428
1741339566378 0.03167323023080826 429
1741339567806 0.034512050449848175 430
1741339569227 0.03550606593489647 431
1741339570555 0.03638738393783569 432
1741339571924 0.0391128808259964 433
1741339573350 0.02100943773984909 434
1741339574766 0.03707939386367798 435
1741339576093 0.038886092603206635 436
1741339577420 0.030637428164482117 437
1741339578840 0.037704259157180786 438
1741339580208 0.03636307269334793 439
1741339581617 0.03634357824921608 440
1741339582949 0.045373644679784775 441
1741339584368 0.02871518023312092 442
1741339585741 0.03898490220308304 443
1741339587108 0.03947000950574875 444
1741339588520 0.03992486745119095 445
1741339589927 0.04051680117845535 446
1741339591296 0.037770263850688934 447
1741339592667 0.027082296088337898 448
1741339594087 0.030004970729351044 449
1741339595500 0.04131467640399933 450
1741339596872 0.034783899784088135 451
1741339598247 0.041757937520742416 452
1741339599657 0.034394990652799606 453
1741339601029 0.0389229841530323 454
1741339602398 0.03674573451280594 455
1741339603808 0.03663056716322899 456
1741339605233 0.04208987578749657 457
1741339606658 0.03224225714802742 458
1741339608025 0.0368427112698555 459
1741339609446 0.037732113152742386 460
1741339610849 0.04017186909914017 461
1741339612255 0.0337580069899559 462
1741339613622 0.0369298979640007 463
1741339615040 0.03585279360413551 464
1741339616452 0.04008311778306961 465
1741339617782 0.03428162634372711 466
1741339619153 0.030232632532715797 467
1741339620521 0.03988150134682655 468
1741339621926 0.029767461121082306 469
1741339623356 0.031412966549396515 470
1741339624779 0.042457595467567444 471
1741339626198 0.0401097908616066 472
1741339627606 0.03108564391732216 473
1741339629061 0.03937385603785515 474
1741339630477 0.03402253985404968 475
1741339631877 0.03665537387132645 476
1741339633283 0.037311799824237823 477
1741339634690 0.04075941443443298 478
