1741608610591 0.9295840530215945 6
1741609169883 0.7962789168916486 7
1741609726187 0.7767784619181725 8
1741610285069 0.752580574242141 9
1741610844758 0.7074030544219156 10
1741611405769 0.6222579100141964 11
1741611966581 0.5684005013320237 12
1741612527630 0.5437714381447397 13
1741613076523 0.5271772055196962 14
1741613637879 0.5199520397136401 15
1741614198633 0.48621304694828127 16
1741614757482 0.4404802994498648 17
1741615317578 0.4166799561124466 18
1741615867127 0.418798159106506 19
1741616428192 0.4125477237057985 20
1741616989046 0.37957423551312053 21
1741617550885 0.3463745742537486 22
1741618112103 0.3354447209685417 23
1741618661466 0.3361651730961381 24
1741619212119 0.33019137893760553 25
