1741691764273 0.3177071284487158 26
1741692389845 0.28771702390335596 27
1741692935190 0.27604332712778984 28
1741693481250 0.25733401299021735 29
1741694017007 0.2474379954727125 30
1741694565193 0.2433112231258568 31
1741695110750 0.2413475600121909 32
1741695644806 0.24642925718838202 33
1741696178250 0.2448656409355387 34
1741696712308 0.24922356274462146 35
1741697257887 0.2356818867652486 36
1741697791526 0.21979279049270822 37
1741698336845 0.20549692793371288 38
1741698882907 0.193878464774856 39
1741699417610 0.18497954084534027 40
1741699963347 0.1751433324739025 41
1741700508512 0.17057299956866387 42
1741701053153 0.16607475399222832 43
1741701586827 0.16718665298432986 44
1741702131726 0.16677225842510807 45
1741702665791 0.16909354787990138 46
1741703199696 0.16703774870439553 47
1741703745479 0.16442286534912914 48
1741704290474 0.159528711163848 49
1741704824980 0.1506830659932671 50
1741705370477 0.13884534799030138 51
1741705904881 0.13822508425642754 52
1741706450830 0.1233371978150252 53
1741706996842 0.11940674440132525 54
1741707531721 0.12251242787955197 55
1741708066616 0.11703523736306813 56
1741708613235 0.12132150514604656 57
1741709159741 0.12608630531253176 58
1741709695779 0.12297359405077651 59
1741710230990 0.12164494281471025 60
