1741783203125 0.12109285552506667 61
1741783842788 0.10895242205349472 62
1741784391078 0.10874901453196753 63
1741784938572 0.10686981126229633 64
1741785475862 0.10008086315570516 65
1741786022870 0.09239674599599638 66
1741786571567 0.09548998895299983 67
1741787117871 0.08771374505247033 68
1741787663815 0.08609399124668234 69
1741788199865 0.08078234215660574 70
1741788748542 0.07752584205418202 71
1741789283921 0.07716866157107273 72
1741789828556 0.0753010170043263 73
1741790364327 0.0745262866878734 74
1741790911663 0.07210975123187488 75
1741791445179 0.07287976620368129 76
1741791979745 0.07363214934533112 77
1741792516263 0.06767464261579963 78
1741793062087 0.07392622132212796 79
1741793596718 0.0706479459704839 80
1741794131846 0.07040896774055319 81
1741794668012 0.07383720730294992 82
1741795201503 0.07127688982559048 83
1741795748617 0.0712219240946625 84
1741796295360 0.07016146193145459 85
1741796842905 0.0686421701255952 86
1741797377864 0.06971368993238924 87
1741797913292 0.06868843537088967 88
1741798448539 0.06823560658639695 89
1741798985417 0.06691060731164082 90
1741799520513 0.06851084326163995 91
1741800066888 0.06900265243948753 92
1741800602154 0.06522106678540737 93
1741801138422 0.06846158093457191 94
1741801673801 0.0666698738387065 95
1741802209769 0.061469275699188024 96
1741802746245 0.06259697116911411 97
1741803293362 0.057657756121774595 98
1741803828418 0.059704525614445676 99
1741804374918 0.05716252248251039 100
1741804910596 0.056426144536257286 101
1741805457671 0.05173965551302024 102
1741805993046 0.0507564713484822 103
1741806540725 0.04973491993596364 104
1741807087445 0.04783984489551897 105
1741807622887 0.044866984947798894 106
1741808158843 0.045063345704742054 107
1741808692612 0.04309746220115588 108
1741809239017 0.03914723014575917 109
1741809774535 0.04060629247122729 110
1741810309817 0.0389898741368407 111
1741810844875 0.0388770394970246 112
1741811380324 0.0364360650572692 113
1741811913533 0.037657307086816395 114
1741812449166 0.034151526514799274 115
1741812984786 0.033892394148717364 116
1741813530611 0.03527793562951572 117
1741814077408 0.03312522570396068 118
1741814623228 0.03258994722029654 119
1741815157432 0.0329635434678783 120
1741815702939 0.031246842356655886 121
1741816237651 0.03262380872966106 122
1741816772503 0.03244359111296457 123
1741817306312 0.03440313808479693 124
1741817843033 0.0344351730738069 125
1741818377692 0.03438647705905732 126
1741818912380 0.03239978996405542 127
1741819448601 0.03369559208125998 128
1741819985186 0.036593162142924934 129
1741820522454 0.035382399904428666 130
1741821058140 0.034154024282976925 131
1741821594090 0.035268610822636964 132
1741822128735 0.03228383350369197 133
1741822666225 0.032732440906900244 134
1741823202822 0.03592219306584681 135
1741823738708 0.03223060763920326 136
1741824274164 0.03135315965954604 137
1741824811503 0.03129851472443242 138
1741825347076 0.03390978215940328 139
1741825882873 0.03318441966665465 140
1741826417317 0.027188746714535868 141
1741826951864 0.02784306559103802 142
1741827488383 0.02902515384146484 143
1741828025288 0.029433609253364502 144
1741828561943 0.027863135935434737 145
1741829111609 0.022754519616709594 146
1741829648905 0.023048416317818555 147
1741830197097 0.022643059671361578 148
1741830732919 0.02323765330850517 149
1741831272040 0.02068058756145037 150
1741831809815 0.021308343342181964 151
1741832357899 0.02107674290063678 152
1741832895346 0.019838564978546178 153
1741833430778 0.020167930289385957 154
1741833966732 0.019810115893188256 155
1741834516808 0.019520062060878616 156
1741835053535 0.016621321268286166 157
1741835601683 0.01884959923945149 158
1741836149953 0.01815283626208869 159
1741836686632 0.01835024684071385 160
1741837223501 0.017237952890879937 161
1741837758383 0.01848453285355729 162
1741838293650 0.01824246175006562 163
1741838830325 0.018712156068408963 164
1741839367116 0.01882665624421199 165
1741839904108 0.017495203903529436 166
1741840442206 0.018132980474539755 167
1741840978508 0.01892803281654748 168
1741841515752 0.017407290964819896 169
1741842053420 0.018904323356467686 170
1741842592073 0.0193483894340164 171
1741843129017 0.019538964573527728 172
1741843666101 0.01789039173786953 173
1741844204940 0.020729893009922618 174
1741844742057 0.020683675568948293 175
1741845279109 0.0192296815545115 176
1741845816445 0.021579518473890287 177
1741846355792 0.01904352220500114 178
1741846892561 0.01868503707924772 179
1741847429207 0.016894635406350056 180
1741847965549 0.019859541944037173 181
1741848501674 0.02194330259713356 182
1741849037727 0.021187723592843346 183
1741849575681 0.016514914326572393 184
1741850111995 0.016569010931881588 185
1741850649612 0.018536213588624194 186
1741851186295 0.01446588120859693 187
1741851720553 0.014130212690985165 188
1741852258925 0.014869423074624404 189
1741852796242 0.011194613637503969 190
1741853333879 0.013029133386629395 191
1741853878774 0.012122087687191604 192
1741854426807 0.012290202361769257 193
1741854961061 0.01212345581807617 194
1741855496385 0.010679178456210815 195
1741856030847 0.010554706455192775 196
1741856566706 0.010138822709712897 197
1741857101803 0.01118701558158768 198
1741857651429 0.009746571040759058 199
1741858186394 0.00970177501673853 200
