1741272272443 2.998608350208848e-05 1
1741272273937 2.9944360721307587e-05 2
1741272275378 2.9874911745242377e-05 3
1741272276825 2.977786988237979e-05 4
1741272278321 2.9653421406220776e-05 5
1741272279813 2.9501805197725133e-05 6
1741272281280 2.9323312286775466e-05 7
1741272282765 2.911828529354039e-05 8
1741272284218 2.888711777080931e-05 9
1741272285633 2.863025344856116e-05 10
1741272287026 2.8348185382217193e-05 11
1741272288500 2.8041455006212752e-05 12
1741272289994 2.7710651094704665e-05 13
1741272291540 2.7356408631409302e-05 14
1741272292973 2.6979407590740544e-05 15
1741272294403 2.6580371632587364e-05 16
1741272295790 2.616006671323642e-05 17
1741272297208 2.5719299615105972e-05 18
1741272298609 2.5258916398113342e-05 19
1741272300081 2.4779800775648564e-05 20
1741272301564 2.428287241827156e-05 21
1741272303045 2.3769085188388897e-05 22
1741272304519 2.323942530929873e-05 23
1741272305933 2.2694909472118465e-05 24
1741272307365 2.213658288422891e-05 25
1741272308795 2.1565517262981008e-05 26
1741272310233 2.0982808778516205e-05 27
1741272311717 2.038957594964926e-05 28
1741272313149 1.9786957496852452e-05 29
1741272314577 1.9176110156462308e-05 30
1741272316027 1.855820646030458e-05 31
1741272317538 1.793443248499957e-05 32
1741272319024 1.7305985575267904e-05 33
1741272320525 1.6674072045607073e-05 34
1741272322019 1.6039904864750288e-05 35
1741272323481 1.5404701327352438e-05 36
1741272324915 1.4769680717372363e-05 37
1741272326358 1.4136061967636626e-05 38
1741272327745 1.3505061320077276e-05 39
1741272329185 1.287788999113486e-05 40
1741272330654 1.2255751846807912e-05 41
1741272332130 1.1639841091811768e-05 42
1741272333554 1.1031339977282382e-05 43
1741272334945 1.0431416531425192e-05 44
1741272336362 9.841222317465211e-06 45
1741272337732 9.261890223201894e-06 46
1741272339121 8.694532286411757e-06 47
1741272340543 8.140237560273094e-06 48
1741272342031 7.600070022909838e-06 49
1741272343508 7.0750665350675895e-06 50
1741272344952 6.566234849841824e-06 51
1741272346349 6.074551678278697e-06 52
1741272347842 5.600960814561696e-06 53
1741272349320 5.146371324382662e-06 54
1741272350809 4.711655799974775e-06 55
1741272352304 4.297648685157021e-06 56
1741272353802 3.905144673605081e-06 57
1741272355259 3.534897183423365e-06 58
1741272356688 3.1876169109462064e-06 59
1741272358106 2.8639704665441774e-06 60
1741272359515 2.5645790950541763e-06 61
1741272361004 2.2900174832894664e-06 62
1741272362474 2.040812656918551e-06 63
1741272363957 1.8174429688305012e-06 64
1741272365381 1.6203371809284597e-06 65
1741272366819 1.449873641113891e-06 66
1741272368288 1.3063795570414004e-06 67
1741272369711 1.1901303680380626e-06 68
1741272371153 1.1013492163929786e-06 69
1741272372664 1.0402065190318652e-06 70
1741272374105 1.0068196403988775e-06 71
1741272375594 1.0012526671735712e-06 72
1741272377020 1.0235162852554297e-06 73
1741272378479 1.073567759252104e-06 74
1741272379936 1.1513110145107196e-06 75
1741272381379 1.2565968215348007e-06 76
1741272382838 1.3892230824328222e-06 77
1741272384298 1.5489352188485345e-06 78
1741272385756 1.73542666062844e-06 79
1741272387204 1.9483394342883903e-06 80
1741272388649 2.1872648501497702e-06 81
1741272390066 2.45174428682626e-06 82
1741272391466 2.741270071555355e-06 83
1741272392916 3.055286454684841e-06 84
1741272394337 3.3931906764436873e-06 85
1741272395776 3.7543341239496273e-06 86
1741272397238 4.138023576232603e-06 87
1741272398666 4.543522534884147e-06 88
1741272400092 4.9700526377785775e-06 89
1741272401546 5.4167951531522856e-06 90
1741272402998 5.882892551173243e-06 91
1741272404395 6.367450149984063e-06 92
1741272405844 6.8695378330589615e-06 93
1741272407275 7.388191834578255e-06 94
1741272408736 7.922416589393078e-06 95
1741272410189 8.471186644029707e-06 96
1741272411601 9.033448625064806e-06 97
1741272413004 9.608123261093554e-06 98
1741272414468 1.0194107454409475e-05 99
1741272415936 1.0790276398419118e-05 100
1741272417413 1.1395485736727401e-05 101
1741272418864 1.2008573759749153e-05 102
1741272420341 1.2628363634630323e-05 103
1741272421811 1.325366566419857e-05 104
1741272423251 1.3883279570607184e-05 105
1741272424707 1.4515996799288799e-05 106
1741272426196 1.5150602838796281e-05 107
1741272427657 1.578587955207813e-05 108
1741272429137 1.642060751471318e-05 109
1741272430586 1.7053568355616383e-05 110
1741272432041 1.768354709572284e-05 111
1741272433465 1.8309334480160712e-05 112
1741272434912 1.8929729299436374e-05 113
1741272436386 1.9543540695176497e-05 114
1741272437871 2.0149590446000838e-05 115
1741272439289 2.0746715229138096e-05 116
1741272440721 2.1333768853443816e-05 117
1741272442166 2.1909624459533653e-05 118
1741272443614 2.2473176682809032e-05 119
1741272445102 2.3023343775223308e-05 120
1741272446550 2.355906968171545e-05 121
1741272447975 2.4079326067325614e-05 122
1741272449395 2.4583114291101524e-05 123
1741272450834 2.5069467323006796e-05 124
1741272452300 2.553745160015137e-05 125
1741272453776 2.5986168818781408e-05 126
1741272455220 2.6414757658588475e-05 127
1741272456699 2.6822395436028586e-05 128
1741272458136 2.7208299683477115e-05 129
1741272459568 2.757172965118874e-05 130
1741272461031 2.7911987729179108e-05 131
1741272462461 2.8228420786298984e-05 132
1741272463892 2.8520421423930666e-05 133
1741272465309 2.878742914189983e-05 134
1741272466723 2.9028931414365157e-05 135
1741272468175 2.9244464673620406e-05 136
1741272469672 2.9433615199920426e-05 137
1741272471208 2.9596019915623254e-05 138
1741272472635 2.9731367082123803e-05 139
1741272474063 2.983939689824139e-05 140
1741272475497 2.9919901998912518e-05 141
1741272476921 2.997272785323162e-05 142
1741272478402 2.9997773061075757e-05 143
1741272479849 2.999498954774387e-05 144
1741272481262 2.9964382656236985e-05 145
1741272482690 2.990601113700225e-05 146
1741272484136 2.9819987035160416e-05 147
1741272485592 2.9706475475433365e-05 148
1741272487050 2.9565694345184392e-05 149
1741272488509 2.9397913876179718e-05 150
1741272489934 2.9203456125874028e-05 151
1741272491381 2.898269435921574e-05 152
1741272492864 2.873605233215859e-05 153
1741272494309 2.8464003478254926e-05 154
1741272495792 2.8167069999891937e-05 155
1741272497235 2.784582186591536e-05 156
1741272498694 2.750087571756457e-05 157
1741272500170 2.7132893684819294e-05 158
1741272501626 2.6742582115429934e-05 159
1741272503099 2.633069021907099e-05 160
1741272504544 2.5898008629220444e-05 161
1741272505980 2.5445367885525426e-05 162
1741272507445 2.49736368395672e-05 163
1741272508893 2.4483720987085886e-05 164
1741272510339 2.3976560729866038e-05 165
1741272511778 2.34531295706194e-05 166
1741272513259 2.291443224433008e-05 167
1741272514707 2.2361502789648567e-05 168
1741272516170 2.179540256403713e-05 169
1741272517570 2.1217218206476082e-05 170
1741272519025 2.062805955164192e-05 171
1741272520477 2.0029057499560784e-05 172
1741272521910 1.9421361844826694e-05 173
1741272523341 1.88061390695514e-05 174
1741272524810 1.8184570104282092e-05 175
1741272526293 1.7557848061185243e-05 176
1741272527760 1.6927175943847595e-05 177
1741272529215 1.629376433809039e-05 178
1741272530621 1.5658829088229292e-05 179
1741272532078 1.5023588963240643e-05 180
1741272533536 1.4389263317313812e-05 181
1741272534963 1.3757069749280066e-05 182
1741272536410 1.3128221765411006e-05 183
1741272537788 1.2503926450072752e-05 184
1741272539181 1.1885382148706956e-05 185
1741272540612 1.1273776167586468e-05 186
1741272542013 1.0670282494760768e-05 187
1741272543468 1.007605954656609e-05 188
1741272544893 9.492247944025564e-06 189
1741272546361 8.919968323407783e-06 190
1741272547753 8.36031918514656e-06 191
1741272549191 7.814374785250693e-06 192
1741272550646 7.2831830732513264e-06 193
1741272552105 6.767763680645148e-06 194
1741272553554 6.269105963694308e-06 195
1741272555056 5.788167104340396e-06 196
1741272556464 5.325870272877446e-06 197
1741272557886 4.883102855910901e-06 198
1741272559254 4.460714753004034e-06 199
1741272560665 4.05951674528122e-06 200
1741272562090 3.680278939119952e-06 201
1741272563551 3.323729287918477e-06 202
1741272564993 2.990552194776974e-06 203
1741272566454 2.681387198774183e-06 204
1741272567879 2.3968277473613024e-06 205
1741272569301 2.1374200572295356e-06 206
1741272570734 1.9036620658379303e-06 207
1741272572219 1.6960024756139173e-06 208
1741272573648 1.5148398926614656e-06 209
1741272575072 1.3605220616298503e-06 210
1741272576521 1.2333451982119363e-06 211
1741272577972 1.1335534205531157e-06 212
1741272579436 1.061338280662418e-06 213
1741272580913 1.0168383967251433e-06 214
1741272582359 1.0001391870229295e-06 215
1741272583806 1.0112727059719101e-06 216
1741272585235 1.0502175825937173e-06 217
1741272586689 1.1168990615374311e-06 218
1741272588138 1.2111891465737504e-06 219
1741272589561 1.332906846285908e-06 220
1741272591007 1.4818185214857968e-06 221
1741272592493 1.6576383336883202e-06 222
1741272593901 1.8600287937832284e-06 223
1741272595306 2.0886014098511916e-06 224
1741272596791 2.3429174328805837e-06 225
1741272598231 2.62248869895371e-06 226
1741272599669 2.926778566285683e-06 227
1741272601152 3.2552029453174406e-06 228
1741272602591 3.607131419885547e-06 229
1741272604053 3.981888457316748e-06 230
1741272605553 4.3787547051242595e-06 231
1741272606982 4.796968371817245e-06 232
1741272608440 5.2357266891723825e-06 233
1741272609899 5.694187453161102e-06 234
1741272611377 6.171470640574497e-06 235
1741272612807 6.6666600982428155e-06 236
1741272614265 7.178805301606921e-06 237
1741272615725 7.70692317926642e-06 238
1741272617208 8.250000000001798e-06 239
1741272836891 8.8069933186487e-06 240
1741272838340 9.376833977089124e-06 241
1741272839840 9.95842815651846e-06 242
1741272841312 1.0550659477049395e-05 243
1741272842741 1.1152391140621835e-05 244
1741272844189 1.1762468113106234e-05 245
1741272845619 1.2379719341411083e-05 246
1741272847091 1.3002960001339196e-05 247
1741272848575 1.363099377187787e-05 248
1741272850040 1.4262615131557255e-05 249
1741272851518 1.4896611672469395e-05 250
1741272852985 1.5531766427505693e-05 251
1741272854408 1.616686020634583e-05 252
1741272855863 1.68006739357144e-05 253
1741272857337 1.7431990999412644e-05 254
1741272858817 1.8059599573633896e-05 255
1741272860251 1.8682294953079852e-05 256
1741272861731 1.9298881863412932e-05 257
1741272863164 1.9908176755605564e-05 258
1741272864554 2.0509010077782616e-05 259
1741272865979 2.1100228520196054e-05 260
1741272867420 2.168069722902258e-05 261
1741272868904 2.2249301984734707e-05 262
1741272870334 2.2804951340864088e-05 263
1741272871778 2.3346578719051562e-05 264
1741272873186 2.387314445636231e-05 265
1741272874658 2.4383637800936546e-05 266
1741272876125 2.487707885214481e-05 267
1741272877604 2.535252044152382e-05 268
1741272879030 2.580904995088246e-05 269
1741272880467 2.624579106408784e-05 270
1741272881946 2.6661905449168948e-05 271
1741272883400 2.705659436750912e-05 272
1741272884854 2.74291002070383e-05 273
1741272886290 2.777870793648229e-05 274
1741272887773 2.8104746477877427e-05 275
1741272889263 2.840658999471607e-05 276
1741272890743 2.86836590932504e-05 277
1741272892178 2.893542193464854e-05 278
1741272893659 2.9161395255868224e-05 279
1741272895142 2.9361145297288353e-05 280
1741272896572 2.9534288635318004e-05 281
1741272898004 2.968049291838448e-05 282
1741272899461 2.979947750488779e-05 283
1741272900907 2.9891014001896948e-05 284
1741272902382 2.995492670355411e-05 285
1741272903855 2.9991092928344898e-05 286
1741272905284 2.9999443254587703e-05 287
1741272906750 2.997996165368973e-05 288
1741272908187 2.993268552091418e-05 289
1741272909653 2.9857705603599403e-05 290
1741272911094 2.975516582696784e-05 291
1741272912552 2.9625263017859135e-05 292
1741272913977 2.9468246526917647e-05 293
1741272915425 2.9284417749959682e-05 294
1741272916809 2.9074129549439132e-05 295
1741272918231 2.8837785577121968e-05 296
1741272919630 2.857583949926987e-05 297
1741272921127 2.828879412582012e-05 298
1741272922554 2.797720044523344e-05 299
1741272924004 2.7641656566862258e-05 300
1741272925387 2.728280657286968e-05 301
1741272926834 2.6901339281902874e-05 302
1741272928290 2.649798692689397e-05 303
1741272929728 2.60735237495266e-05 304
1741272931207 2.562876451406575e-05 305
1741272932673 2.516456294340405e-05 306
1741272934150 2.4681810080326132e-05 307
1741272935617 2.4181432577136933e-05 308
1741272937003 2.366439091693688e-05 309
1741272938439 2.3131677569958283e-05 310
1741272939923 2.2584315088501954e-05 311
1741272941375 2.2023354144130636e-05 312
1741272942846 2.1449871510887204e-05 313
1741272944276 2.0864967998408598e-05 314
1741272945727 2.0269766338903043e-05 315
1741272947166 1.9665409032046625e-05 316
1741272948646 1.9053056151935747e-05 317
1741272950081 1.843388312030516e-05 318
1741272951555 1.7809078450286115e-05 319
1741272953031 1.717984146503522e-05 320
1741272954507 1.654737999561332e-05 321
1741272955989 1.591290806253326e-05 322
1741272957413 1.527764354542704e-05 323
1741272958868 1.464280584530506e-05 324
1741272960317 1.4009613543895303e-05 325
1741272961742 1.3379282064555035e-05 326
1741272963166 1.2753021339245032e-05 327
1741272964597 1.2132033486044768e-05 328
1741272966070 1.1517510501666215e-05 329
1741272967515 1.0910631973396163e-05 330
1741272968962 1.0312562814858126e-05 331
1741272970401 9.724451029941228e-06 332
1741272971879 9.1474255091871e-06 333
1741272973310 8.582593862865232e-06 334
1741272974758 8.031040294896578e-06 335
1741272976211 7.49382352170547e-06 336
1741272977595 6.971974739995715e-06 337
1741272979016 6.466495647350787e-06 338
1741272980450 5.978356519458643e-06 339
1741272981907 5.508494347650753e-06 340
1741272983335 5.057811040331737e-06 341
1741272984771 4.627171691750476e-06 342
1741272986257 4.21740292143737e-06 343
1741272987696 3.829291287494008e-06 344
1741272989187 3.4635817767814575e-06 345
1741272990648 3.1209763749055666e-06 346
1741272992132 2.802132718743502e-06 347
1741272993614 2.5076628340987613e-06 348
1741272995091 2.2381319609071152e-06 349
1741272996535 1.9940574682491365e-06 350
1741272997966 1.7759078612513168e-06 351
1741272999400 1.5841018817826743e-06 352
1741273000856 1.4190077046725288e-06 353
1741273002334 1.2809422309927467e-06 354
1741273003817 1.1701704797607313e-06 355
1741273005243 1.086905079230903e-06 356
1741273006697 1.031305858751215e-06 357
1741273008127 1.003479541967961e-06 358
1741273009664 1.0034795419679594e-06 359
1741273011172 1.031305858751211e-06 360
1741273012621 1.0869050792308957e-06 361
1741273014072 1.17017047976072e-06 362
1741273015549 1.2809422309927404e-06 363
1741273016995 1.4190077046725074e-06 364
1741273018444 1.584101881782653e-06 365
1741273019846 1.7759078612512806e-06 366
1741273021329 1.9940574682490925e-06 367
1741273022760 2.2381319609070627e-06 368
1741273024260 2.5076628340986995e-06 369
1741273025735 2.80213271874343e-06 370
1741273027163 3.120976374905482e-06 371
1741273028591 3.463581776781349e-06 372
1741273030049 3.829291287493887e-06 373
1741273031501 4.217402921437268e-06 374
1741273032950 4.627171691750361e-06 375
1741273034421 5.0578110403316095e-06 376
1741273035896 5.5084943476506126e-06 377
1741273037324 5.978356519458469e-06 378
1741273038752 6.466495647350596e-06 379
1741273040182 6.97197473999551e-06 380
1741273041625 7.493823521705248e-06 381
1741273043103 8.031040294896341e-06 382
1741273044555 8.582593862864956e-06 383
1741273045971 9.147425509186805e-06 384
1741273047401 9.724451029940964e-06 385
1741273048842 1.0312562814857845e-05 386
1741273050332 1.0910631973395862e-05 387
1741273051789 1.1517510501665898e-05 388
1741273053215 1.2132033486044433e-05 389
1741273054682 1.2753021339244651e-05 390
1741273056159 1.3379282064554637e-05 391
1741273057587 1.4009613543894861e-05 392
1741273059038 1.4642805845304626e-05 393
1741273060458 1.5277643545426563e-05 394
1741273061885 1.5912908062532787e-05 395
1741273063308 1.654737999561283e-05 396
1741273064765 1.7179841465034685e-05 397
1741273066196 1.7809078450285586e-05 398
1741273067629 1.8433883120304642e-05 399
1741273069121 1.9053056151935236e-05 400
1741273070601 1.9665409032046076e-05 401
1741273072037 2.0269766338902474e-05 402
1741273073502 2.0864967998407964e-05 403
1741273074933 2.144987151088658e-05 404
1741273076341 2.2023354144129975e-05 405
1741273077820 2.25843150885013e-05 406
1741273079251 2.3131677569957636e-05 407
1741273080705 2.3664390916936177e-05 408
1741273082132 2.418143257713624e-05 409
1741273083557 2.4681810080325407e-05 410
1741273084961 2.5164562943403368e-05 411
1741273086454 2.5628764514065037e-05 412
1741273087916 2.6073523749525882e-05 413
1741273089401 2.6497986926893224e-05 414
1741273090828 2.6901339281902115e-05 415
1741273092265 2.7282806572868923e-05 416
1741273093717 2.7641656566861475e-05 417
1741273095152 2.7977200445232664e-05 418
1741273096634 2.8288794125819324e-05 419
1741273098090 2.8575839499269068e-05 420
1741273099548 2.883778557712115e-05 421
1741273101011 2.9074129549438322e-05 422
1741273102489 2.928441774995888e-05 423
1741273103940 2.946824652691684e-05 424
1741273105381 2.9625263017858322e-05 425
1741273106863 2.9755165826967032e-05 426
1741273108285 2.9857705603598586e-05 427
1741273109729 2.9932685520913354e-05 428
1741273111188 2.9979961653688906e-05 429
1741273112642 2.999944325458688e-05 430
1741273114066 2.9991092928344075e-05 431
1741273115501 2.995492670355329e-05 432
1741273116982 2.989101400189613e-05 433
1741273118427 2.979947750488698e-05 434
1741273119906 2.968049291838366e-05 435
1741273121339 2.9534288635317198e-05 436
1741273122798 2.9361145297287547e-05 437
1741273124200 2.9161395255867415e-05 438
1741273125666 2.8935421934647757e-05 439
1741273127094 2.8683659093249616e-05 440
1741273128529 2.8406589994715307e-05 441
1741273129983 2.8104746477876657e-05 442
1741273131420 2.7778707936481546e-05 443
1741273132876 2.7429100207037554e-05 444
1741273134306 2.7056594367508417e-05 445
1741273135754 2.666190544916826e-05 446
1741273137180 2.624579106408715e-05 447
1741273138617 2.5809049950881765e-05 448
1741273140096 2.5352520441523116e-05 449
1741273141562 2.4877078852144143e-05 450
1741273143043 2.438363780093589e-05 451
1741273144495 2.3873144456361695e-05 452
1741273145929 2.3346578719050935e-05 453
1741273147358 2.2804951340863505e-05 454
1741273148804 2.2249301984734118e-05 455
1741273150231 2.168069722902205e-05 456
1741273151696 2.1100228520195545e-05 457
1741273153181 2.0509010077782145e-05 458
1741273154613 1.990817675560509e-05 459
1741273156057 1.92988818634124e-05 460
1741273157538 1.868229495307936e-05 461
1741273158975 1.8059599573633402e-05 462
1741273160400 1.7431990999412217e-05 463
1741273161861 1.6800673935713966e-05 464
1741273163344 1.616686020634544e-05 465
1741273164741 1.553176642750529e-05 466
1741273166225 1.4896611672469061e-05 467
1741273167684 1.4262615131556914e-05 468
1741273169170 1.3630993771877574e-05 469
1741273170598 1.3002960001338916e-05 470
1741273172037 1.2379719341410798e-05 471
1741273173518 1.1762468113105943e-05 472
1741273174942 1.1152391140621537e-05 473
1741273176388 1.0550659477049139e-05 474
1741273177817 9.958428156518222e-06 475
1741273179247 9.376833977088924e-06 476
1741273180696 8.806993318648517e-06 477
1741273182130 8.250000000001652e-06 478
1741273412061 7.706923179266268e-06 479
1741273413523 7.178805301606804e-06 480
1741273414957 6.666660098242689e-06 481
1741273416455 6.171470640574383e-06 482
1741273417948 5.694187453161021e-06 483
1741273419436 5.235726689172295e-06 484
1741273420921 4.796968371817151e-06 485
1741273422376 4.378754705124159e-06 486
1741273423794 3.981888457316677e-06 487
1741273425194 3.6071314198855013e-06 488
1741273426623 3.255202945317416e-06 489
1741273428064 2.9267785662856534e-06 490
1741273429540 2.6224886989536746e-06 491
1741273430976 2.342917432880565e-06 492
1741273432473 2.0886014098511683e-06 493
1741273433956 1.860028793783229e-06 494
1741273435420 1.6576383336883151e-06 495
1741273436846 1.4818185214857883e-06 496
1741273438299 1.3329068462858972e-06 497
1741273439756 1.2111891465737462e-06 498
1741273441180 1.1168990615374311e-06 499
1741273442626 1.0502175825937207e-06 500
1741273444065 1.0112727059719114e-06 501
1741273445553 1.0001391870229295e-06 502
1741273447049 1.0168383967251459e-06 503
1741273448529 1.0613382806624317e-06 504
1741273449991 1.1335534205531443e-06 505
1741273451456 1.2333451982119867e-06 506
1741273452946 1.3605220616299264e-06 507
1741273454418 1.5148398926615837e-06 508
1741273455868 1.6960024756140876e-06 509
1741273457313 1.9036620658381514e-06 510
1741273458740 2.137420057229804e-06 511
1741273460214 2.3968277473616344e-06 512
1741273461708 2.681387198774598e-06 513
1741273463201 2.9905521947774524e-06 514
1741273464699 3.323729287919053e-06 515
1741273466177 3.680278939120603e-06 516
1741273467623 4.0595167452819806e-06 517
1741273469082 4.460714753004862e-06 518
1741273470572 4.88310285591185e-06 519
1741273472027 5.325870272878469e-06 520
1741273473475 5.788167104341591e-06 521
1741273474904 6.269105963695603e-06 522
1741273476379 6.767763680646588e-06 523
1741273477805 7.283183073252917e-06 524
1741273479199 7.814374785252375e-06 525
1741273480653 8.360319185148401e-06 526
1741273482116 8.919968323409743e-06 527
1741273483557 9.492247944027692e-06 528
1741273485036 1.0076059546568341e-05 529
1741273486471 1.0670282494763169e-05 530
1741273487941 1.1273776167588972e-05 531
1741273489392 1.1885382148709641e-05 532
1741273490845 1.2503926450075617e-05 533
1741273492309 1.3128221765414057e-05 534
1741273493679 1.3757069749283286e-05 535
1741273495069 1.4389263317317167e-05 536
1741273496469 1.5023588963244182e-05 537
1741273497893 1.565882908823295e-05 538
1741273499286 1.629376433809424e-05 539
1741273500736 1.6927175943851572e-05 540
1741273502165 1.7557848061189383e-05 541
1741273503620 1.818457010428635e-05 542
1741273505066 1.880613906955584e-05 543
1741273506497 1.942136184483132e-05 544
1741273507959 2.0029057499565575e-05 545
1741273509349 2.0628059551646888e-05 546
1741273510780 2.1217218206481177e-05 547
1741273512260 2.1795402564042384e-05 548
1741273513734 2.236150278965394e-05 549
1741273515201 2.2914432244335608e-05 550
1741273516677 2.345312957062504e-05 551
1741273518140 2.3976560729871815e-05 552
1741273519584 2.4483720987091775e-05 553
1741273521010 2.4973636839573226e-05 554
1741273522446 2.544536788553159e-05 555
1741273523879 2.5898008629226713e-05 556
1741273525328 2.6330690219077375e-05 557
1741273526759 2.6742582115436446e-05 558
1741273528165 2.7132893684825918e-05 559
1741273529663 2.7500875717571257e-05 560
1741273531118 2.7845821865922156e-05 561
1741273532546 2.8167069999898808e-05 562
1741273533982 2.846400347826188e-05 563
1741273535409 2.87360523321656e-05 564
1741273536884 2.8982694359222817e-05 565
1741273538366 2.920345612588117e-05 566
1741273539796 2.9397913876186897e-05 567
1741273541268 2.9565694345191622e-05 568
1741273542701 2.9706475475440626e-05 569
1741273544181 2.9819987035167717e-05 570
1741273545638 2.9906011137009573e-05 571
1741273547092 2.9964382656244327e-05 572
1741273548532 2.9994989547751216e-05 573
1741273550115 2.9997773061083106e-05 574
1741273551652 2.9972727853238974e-05 575
1741273553095 2.991990199891986e-05 576
1741273554519 2.9839396898248713e-05 577
1741273555958 2.9731367082131104e-05 578
1741273557444 2.9596019915630518e-05 579
1741273558879 2.9433615199927656e-05 580
1741273560357 2.9244464673627586e-05 581
1741273561806 2.902893141437228e-05 582
1741273563242 2.8787429141906876e-05 583
1741273564669 2.8520421423937666e-05 584
1741273566071 2.8228420786305906e-05 585
1741273567545 2.791198772918596e-05 586
1741273569005 2.7571729651195506e-05 587
1741273570473 2.7208299683483776e-05 588
1741273571937 2.6822395436035162e-05 589
1741273573388 2.6414757658594943e-05 590
1741273574823 2.5986168818787784e-05 591
1741273576240 2.553745160015763e-05 592
1741273577692 2.5069467323012956e-05 593
1741273579153 2.458311429110755e-05 594
1741273580575 2.4079326067331492e-05 595
1741273582037 2.3559069681721187e-05 596
1741273583490 2.3023343775228942e-05 597
1741273584971 2.24731766828145e-05 598
1741273586405 2.1909624459538955e-05 599
1741273587830 2.133376885344901e-05 600
1741273589264 2.0746715229143117e-05 601
1741273590713 2.0149590446005734e-05 602
1741273592176 1.9543540695181237e-05 603
1741273593645 1.892972929944099e-05 604
1741273595115 1.8309334480165143e-05 605
1741273596544 1.76835470957271e-05 606
1741273597976 1.7053568355620455e-05 607
1741273599466 1.6420607514717127e-05 608
1741273600949 1.578587955208191e-05 609
1741273602405 1.515060283879987e-05 610
1741273603836 1.4515996799292253e-05 611
1741273605264 1.3883279570610464e-05 612
1741273606741 1.3253665664201715e-05 613
1741273608222 1.2628363634633298e-05 614
1741273609699 1.200857375975201e-05 615
1741273611130 1.1395485736730076e-05 616
1741273612555 1.0790276398421662e-05 617
1741273613991 1.0194107454411857e-05 618
1741273615430 9.608123261095775e-06 619
1741273616911 9.033448625066857e-06 620
1741273618353 8.471186644031603e-06 621
1741273619820 7.922416589394857e-06 622
1741273621304 7.3881918345798776e-06 623
1741273622775 6.8695378330604955e-06 624
1741273624229 6.3674501499854465e-06 625
1741273625654 5.882892551174527e-06 626
1741273627106 5.416795153153431e-06 627
1741273628560 4.970052637779632e-06 628
1741273629984 4.543522534885082e-06 629
1741273631405 4.138023576233424e-06 630
1741273632865 3.754334123950338e-06 631
1741273634311 3.3931906764442904e-06 632
1741273635745 3.0552864546853763e-06 633
1741273637215 2.741270071555799e-06 634
1741273638669 2.4517442868266467e-06 635
1741273640094 2.187264850150082e-06 636
1741273641560 1.9483394342886508e-06 637
1741273643034 1.7354266606286368e-06 638
1741273644495 1.5489352188486918e-06 639
1741273645981 1.3892230824329324e-06 640
1741273647454 1.2565968215348723e-06 641
1741273648905 1.1513110145107677e-06 642
1741273650339 1.0735677592521274e-06 643
1741273651773 1.0235162852554373e-06 644
1741273653230 1.0012526671735716e-06 645
1741273654698 1.0068196403988783e-06 646
1741273656145 1.040206519031878e-06 647
1741273657592 1.1013492163930082e-06 648
1741273658999 1.1901303680381253e-06 649
1741273660449 1.3063795570414963e-06 650
1741273661922 1.449873641114041e-06 651
1741273663365 1.6203371809286555e-06 652
1741273664857 1.8174429688307896e-06 653
1741273666304 2.0408126569189077e-06 654
1741273667737 2.2900174832898954e-06 655
1741273669169 2.5645790950547095e-06 656
1741273670593 2.8639704665448457e-06 657
1741273672038 3.1876169109469772e-06 658
1741273673508 3.53489718342424e-06 659
1741273674947 3.9051446736060655e-06 660
1741273676431 4.29764868515819e-06 661
1741273677891 4.7116557999760695e-06 662
1741273679357 5.146371324384082e-06 663
1741273680832 5.600960814563333e-06 664
1741273682290 6.074551678280477e-06 665
1741273683748 6.566234849843748e-06 666
1741273685190 7.075066535069714e-06 667
1741273686667 7.600070022912159e-06 668
1741273688092 8.140237560275625e-06 669
1741273689518 8.694532286414462e-06 670
1741273690972 9.261890223204763e-06 671
1741273692416 9.841222317468355e-06 672
1741273693852 1.0431416531428512e-05 673
1741273695273 1.1031339977285885e-05 674
1741273696708 1.1639841091815558e-05 675
1741273698198 1.2255751846811887e-05 676
1741273699659 1.2877889991139022e-05 677
1741273701107 1.350506132008163e-05 678
1741273702547 1.4136061967641274e-05 679
1741273704011 1.4769680717377255e-05 680
1741273705437 1.540470132735752e-05 681
1741273706892 1.6039904864755566e-05 682
1741273708353 1.6674072045612643e-05 683
1741273709830 1.7305985575273667e-05 684
1741273711258 1.7934432485005526e-05 685
1741273712713 1.8558206460310827e-05 686
1741273714158 1.9176110156468742e-05 687
1741273715651 1.9786957496859072e-05 688
1741273717119 2.0389575949656065e-05 689
1741273718577 2.0982808778523286e-05 690
1741273720039 2.1565517262988272e-05 691
1741273721514 2.213658288423639e-05 692
1741273723008 2.269490947212612e-05 693
1741273724467 2.323942530930664e-05 694
1741273725921 2.3769085188396968e-05 695
1741273727346 2.4282872418279788e-05 696
1741273728779 2.4779800775657024e-05 697
1741273730302 2.5258916398121948e-05 698
1741273731744 2.571929961511472e-05 699
1741273733195 2.61600667132453e-05 700
1741273734581 2.658037163259644e-05 701
1741273736006 2.6979407590749743e-05 702
1741273737413 2.735640863141862e-05 703
1741273738900 2.771065109471412e-05 704
1741273740385 2.804145500622236e-05 705
1741273741839 2.8348185382226897e-05 706
1741273743271 2.8630253448570943e-05 707
1741273744716 2.8887117770819216e-05 708
1741273746141 2.911828529355037e-05 709
1741273747605 2.9323312286785505e-05 710
1741273749092 2.950180519773523e-05 711
1741273750571 2.9653421406230947e-05 712
1741273752050 2.977786988239e-05 713
1741273753544 2.987491174525262e-05 714
1741273755020 2.9944360721317867e-05 715
1741273756442 2.998608350209877e-05 716
1741273757885 3.00000000000103e-05 717
