1741272272442 0.10763654112815857 1
1741272273937 0.10596722364425659 2
1741272275377 0.1007942259311676 3
1741272276825 0.10530012845993042 4
1741272278321 0.1023661345243454 5
1741272279812 0.10733753442764282 6
1741272281279 0.10773608088493347 7
1741272282764 0.1031779944896698 8
1741272284217 0.09909863024950027 9
1741272285632 0.10598297417163849 10
1741272287025 0.1044183224439621 11
1741272288499 0.1057312935590744 12
1741272289993 0.10449737310409546 13
1741272291539 0.09840211272239685 14
1741272292972 0.09847655147314072 15
1741272294402 0.10388103127479553 16
1741272295789 0.10314006358385086 17
1741272297207 0.10068807005882263 18
1741272298608 0.10184769332408905 19
1741272300080 0.10219360142946243 20
1741272301563 0.1000341922044754 21
1741272303044 0.10513259470462799 22
1741272304518 0.10965980589389801 23
1741272305932 0.09385330229997635 24
1741272307364 0.10385546088218689 25
1741272308794 0.10147974640130997 26
1741272310232 0.10228508710861206 27
1741272311716 0.10190337896347046 28
1741272313143 0.10133178532123566 29
1741272314576 0.10307679325342178 30
1741272316026 0.09845541417598724 31
1741272317537 0.10165579617023468 32
1741272319023 0.09703855961561203 33
1741272320524 0.09248622506856918 34
1741272322018 0.1031019389629364 35
1741272323480 0.10378129780292511 36
1741272324907 0.10307326912879944 37
1741272326357 0.10618657618761063 38
1741272327744 0.10064645111560822 39
1741272329184 0.0920223593711853 40
1741272330653 0.10496125370264053 41
1741272332129 0.10213696956634521 42
1741272333553 0.10287881642580032 43
1741272334944 0.0979873389005661 44
1741272336361 0.1085202544927597 45
1741272337732 0.1041112095117569 46
1741272339120 0.10437074303627014 47
1741272340542 0.09994414448738098 48
1741272342030 0.10092899203300476 49
1741272343507 0.10307621955871582 50
1741272344951 0.10223481059074402 51
1741272346349 0.10257203131914139 52
1741272347842 0.10190114378929138 53
1741272349319 0.10173826664686203 54
1741272350808 0.10327345132827759 55
1741272352303 0.10089321434497833 56
1741272353801 0.09971752017736435 57
1741272355259 0.10124346613883972 58
1741272356687 0.10355240851640701 59
1741272358106 0.10054406523704529 60
1741272359514 0.09898485243320465 61
1741272361003 0.10158607363700867 62
1741272362474 0.09462211281061172 63
1741272363956 0.09957791864871979 64
1741272365380 0.09326261281967163 65
1741272366818 0.09668009728193283 66
1741272368287 0.09912700951099396 67
1741272369710 0.10091617703437805 68
1741272371152 0.10029246658086777 69
1741272372663 0.09982101619243622 70
1741272374104 0.1012234091758728 71
1741272375594 0.10403701663017273 72
1741272377019 0.09290795028209686 73
1741272378478 0.09846778213977814 74
1741272379935 0.1049051582813263 75
1741272381378 0.10124899446964264 76
1741272382837 0.10430353134870529 77
1741272384298 0.0990157425403595 78
1741272385755 0.10123257339000702 79
1741272387203 0.09866621345281601 80
1741272388649 0.1021520346403122 81
1741272390065 0.10284817218780518 82
1741272391465 0.09723785519599915 83
1741272392915 0.10331659764051437 84
1741272394336 0.09986816346645355 85
1741272395775 0.09702882170677185 86
1741272397238 0.10150590538978577 87
1741272398665 0.09987863153219223 88
1741272400091 0.09803836792707443 89
1741272401545 0.09834936261177063 90
1741272402997 0.10001114010810852 91
1741272404395 0.09851635992527008 92
1741272405843 0.100149005651474 93
1741272407275 0.10344566404819489 94
1741272408735 0.10348710417747498 95
1741272410189 0.09433934092521667 96
1741272411600 0.09781526029109955 97
1741272413003 0.0979919582605362 98
1741272414467 0.09749963134527206 99
1741272415935 0.09836020320653915 100
1741272417412 0.0925372838973999 101
1741272418863 0.09908927977085114 102
1741272420340 0.09343256056308746 103
1741272421810 0.09313488006591797 104
1741272423250 0.09842529892921448 105
1741272424707 0.09804795682430267 106
1741272426195 0.09473532438278198 107
1741272427656 0.09152882546186447 108
1741272429136 0.10165086388587952 109
1741272430585 0.10166670382022858 110
1741272432040 0.10020919144153595 111
1741272433465 0.09346133470535278 112
1741272434912 0.09646189957857132 113
1741272436386 0.09274063259363174 114
1741272437870 0.09828248620033264 115
1741272439289 0.0990365743637085 116
1741272440708 0.09532177448272705 117
1741272442165 0.08621326833963394 118
1741272443614 0.09666704386472702 119
1741272445101 0.09633992612361908 120
1741272446549 0.09321940690279007 121
1741272447974 0.10132668912410736 122
1741272449383 0.08773024380207062 123
1741272450833 0.0932866781949997 124
1741272452284 0.09267938137054443 125
1741272453775 0.09354346245527267 126
1741272455219 0.08893319219350815 127
1741272456698 0.08607599884271622 128
1741272458135 0.09203968942165375 129
1741272459567 0.0936913937330246 130
1741272461030 0.08706562966108322 131
1741272462461 0.09268414974212646 132
1741272463891 0.0937729999423027 133
1741272465308 0.0976584404706955 134
1741272466722 0.08959846198558807 135
1741272468174 0.09083756804466248 136
1741272469671 0.09718392789363861 137
1741272471207 0.0886482372879982 138
1741272472635 0.0905693918466568 139
1741272474063 0.09354142099618912 140
1741272475496 0.08992114663124084 141
1741272476921 0.0895923301577568 142
1741272478401 0.09757208824157715 143
1741272479848 0.09657781571149826 144
1741272481262 0.09209117293357849 145
1741272482689 0.08823307603597641 146
1741272484135 0.08832809329032898 147
1741272485591 0.09307165443897247 148
1741272487049 0.08969622850418091 149
1741272488508 0.08910609781742096 150
1741272489933 0.09030835330486298 151
1741272491381 0.09048856794834137 152
1741272492863 0.09252014756202698 153
1741272494308 0.08995606750249863 154
1741272495791 0.0923110693693161 155
1741272497234 0.08978110551834106 156
1741272498693 0.08886279165744781 157
1741272500169 0.09298647940158844 158
1741272501625 0.08946315944194794 159
1741272503098 0.08507783710956573 160
1741272504543 0.08289586007595062 161
1741272505979 0.09091231226921082 162
1741272507444 0.08769898116588593 163
1741272508892 0.08689078688621521 164
1741272510339 0.0879492536187172 165
1741272511777 0.0856456533074379 166
1741272513258 0.07434413582086563 167
1741272514706 0.08552169799804688 168
1741272516169 0.09053342044353485 169
1741272517569 0.09124431759119034 170
1741272519024 0.08875104784965515 171
1741272520476 0.08330459892749786 172
1741272521909 0.08994224667549133 173
1741272523340 0.08604583889245987 174
1741272524809 0.07771579921245575 175
1741272526292 0.08625400066375732 176
1741272527759 0.08532089740037918 177
1741272529214 0.08589966595172882 178
1741272530620 0.0871225893497467 179
1741272532077 0.08980029076337814 180
1741272533535 0.09174618124961853 181
1741272534962 0.08534546196460724 182
1741272536410 0.08780528604984283 183
1741272537788 0.09265254437923431 184
1741272539180 0.08851311355829239 185
1741272540611 0.08735580742359161 186
1741272542012 0.09196599572896957 187
1741272543467 0.08408059179782867 188
1741272544892 0.08511881530284882 189
1741272546360 0.0918588638305664 190
1741272547752 0.08452050387859344 191
1741272549191 0.08674152940511703 192
1741272550645 0.09009489417076111 193
1741272552104 0.08293123543262482 194
1741272553553 0.08939997106790543 195
1741272555055 0.087516188621521 196
1741272556463 0.08728083968162537 197
1741272557885 0.08512574434280396 198
1741272559253 0.09809336066246033 199
1741272560664 0.08731341361999512 200
1741272562089 0.09147495031356812 201
1741272563550 0.08139116317033768 202
1741272564984 0.08130154758691788 203
1741272566453 0.08255527913570404 204
1741272567878 0.0860750675201416 205
1741272569300 0.09560206532478333 206
1741272570734 0.09216472506523132 207
1741272572219 0.0887218564748764 208
1741272573647 0.07500128448009491 209
1741272575071 0.08709076046943665 210
1741272576521 0.07819551974534988 211
1741272577971 0.08884382247924805 212
1741272579435 0.07748326659202576 213
1741272580912 0.08802011609077454 214
1741272582358 0.0915345773100853 215
1741272583805 0.07789691537618637 216
1741272585235 0.08772224187850952 217
1741272586688 0.0847969502210617 218
1741272588137 0.08319300413131714 219
1741272589561 0.08194635808467865 220
1741272591007 0.08460552990436554 221
1741272592492 0.08263000845909119 222
1741272593901 0.08578989654779434 223
1741272595306 0.08084669709205627 224
1741272596791 0.0889635682106018 225
1741272598230 0.08327579498291016 226
1741272599669 0.08551546931266785 227
1741272601152 0.08375829458236694 228
1741272602579 0.08801133185625076 229
1741272604052 0.08087638020515442 230
1741272605552 0.08210864663124084 231
1741272606982 0.07656963169574738 232
1741272608439 0.08498376607894897 233
1741272609898 0.08655999600887299 234
1741272611376 0.09156152606010437 235
1741272612807 0.0838099867105484 236
1741272614264 0.08218231797218323 237
1741272615724 0.08591613173484802 238
1741272617207 0.0889628678560257 239
1741272836885 0.07812248915433884 240
1741272838339 0.08235429227352142 241
1741272839840 0.07854907959699631 242
1741272841311 0.07137080281972885 243
1741272842740 0.0847817212343216 244
1741272844188 0.08425938338041306 245
1741272845618 0.08167257905006409 246
1741272847090 0.07812696695327759 247
1741272848574 0.08050547540187836 248
1741272850029 0.08344995975494385 249
1741272851517 0.08234871923923492 250
1741272852984 0.08200854063034058 251
1741272854407 0.08530446887016296 252
1741272855862 0.08198873698711395 253
1741272857336 0.08717084676027298 254
1741272858816 0.0897308811545372 255
1741272860251 0.07969865202903748 256
1741272861730 0.08865758776664734 257
1741272863163 0.07999836653470993 258
1741272864553 0.08096319437026978 259
1741272865979 0.08310943841934204 260
1741272867407 0.08717569708824158 261
1741272868903 0.08444663137197495 262
1741272870333 0.0839715376496315 263
1741272871777 0.08537597954273224 264
1741272873185 0.08213436603546143 265
1741272874657 0.08398598432540894 266
1741272876124 0.08044546842575073 267
1741272877603 0.07240240275859833 268
1741272879029 0.07985533028841019 269
1741272880466 0.08229467272758484 270
1741272881945 0.08725164830684662 271
1741272883400 0.08746600151062012 272
1741272884853 0.08367335051298141 273
1741272886289 0.07651056349277496 274
1741272887772 0.08056917786598206 275
1741272889263 0.07869069278240204 276
1741272890742 0.0849350169301033 277
1741272892177 0.08038492500782013 278
1741272893658 0.08276282250881195 279
1741272895142 0.07775069773197174 280
1741272896572 0.08743877708911896 281
1741272898003 0.08609996736049652 282
1741272899461 0.08152720332145691 283
1741272900906 0.09153833985328674 284
1741272902381 0.08038516342639923 285
1741272903855 0.08139342069625854 286
1741272905283 0.07954283058643341 287
1741272906750 0.08200781047344208 288
1741272908186 0.0847381129860878 289
1741272909652 0.08151715993881226 290
1741272911093 0.0805957168340683 291
1741272912552 0.08183050900697708 292
1741272913977 0.08537144213914871 293
1741272915425 0.08008062839508057 294
1741272916809 0.085415780544281 295
1741272918230 0.06990417838096619 296
1741272919629 0.07315140962600708 297
1741272921127 0.07816000282764435 298
1741272922554 0.08102745562791824 299
1741272924003 0.07719209790229797 300
1741272925386 0.0642862319946289 301
1741272926833 0.08721467852592468 302
1741272928289 0.07626743614673615 303
1741272929727 0.07359691709280014 304
1741272931206 0.0850677490234375 305
1741272932672 0.08488026261329651 306
1741272934149 0.07902460545301437 307
1741272935616 0.07889967411756516 308
1741272937002 0.07774696499109268 309
1741272938439 0.0751819759607315 310
1741272939922 0.0696352869272232 311
1741272941374 0.07791635394096375 312
1741272942845 0.07370366156101227 313
1741272944275 0.07980214059352875 314
1741272945726 0.08432230353355408 315
1741272947150 0.07324539124965668 316
1741272948645 0.07567361742258072 317
1741272950081 0.08348999917507172 318
1741272951546 0.08282719552516937 319
1741272953030 0.07842232286930084 320
1741272954498 0.08291114866733551 321
1741272955988 0.08061312139034271 322
1741272957413 0.07836911082267761 323
1741272958867 0.07336468249559402 324
1741272960316 0.0744909793138504 325
1741272961741 0.07695364952087402 326
1741272963165 0.0701381117105484 327
1741272964596 0.08158067613840103 328
1741272966069 0.07711435109376907 329
1741272967514 0.07487674057483673 330
1741272968961 0.07334757596254349 331
1741272970387 0.0781649723649025 332
1741272971878 0.07461769878864288 333
1741272973302 0.07241177558898926 334
1741272974757 0.07126873731613159 335
1741272976210 0.08234430849552155 336
1741272977594 0.07382136583328247 337
1741272979015 0.07819435000419617 338
1741272980436 0.07672332972288132 339
1741272981906 0.08137665688991547 340
1741272983334 0.0777273178100586 341
1741272984770 0.08153903484344482 342
1741272986257 0.07548823952674866 343
1741272987696 0.08008353412151337 344
1741272989187 0.0781448483467102 345
1741272990647 0.06358541548252106 346
1741272992131 0.0717770904302597 347
1741272993613 0.07366970181465149 348
1741272995090 0.06961170583963394 349
1741272996535 0.07502812892198563 350
1741272997965 0.06996522098779678 351
1741272999399 0.07744218409061432 352
1741273000855 0.07170364260673523 353
1741273002333 0.06424331665039062 354
1741273003816 0.07448198646306992 355
1741273005243 0.07466660439968109 356
1741273006696 0.0793478786945343 357
1741273008125 0.06834995746612549 358
1741273009663 0.06812416017055511 359
1741273011171 0.08134187757968903 360
1741273012620 0.08051761984825134 361
1741273014071 0.08012056350708008 362
1741273015548 0.07142765820026398 363
1741273016994 0.06541351974010468 364
1741273018443 0.06635472178459167 365
1741273019845 0.07415373623371124 366
1741273021328 0.07550332695245743 367
1741273022759 0.07010334730148315 368
1741273024260 0.070002481341362 369
1741273025735 0.07128719985485077 370
1741273027162 0.06927238404750824 371
1741273028590 0.06935976445674896 372
1741273030041 0.07027463614940643 373
1741273031500 0.06500734388828278 374
1741273032949 0.07459591329097748 375
1741273034420 0.0736379325389862 376
1741273035895 0.06945085525512695 377
1741273037323 0.07329493761062622 378
1741273038751 0.08006206154823303 379
1741273040181 0.07026606798171997 380
1741273041611 0.07939992845058441 381
1741273043102 0.062436752021312714 382
1741273044554 0.06994078308343887 383
1741273045971 0.07017955183982849 384
1741273047401 0.07502573728561401 385
1741273048841 0.07598600536584854 386
1741273050331 0.08284907788038254 387
1741273051789 0.07033462822437286 388
1741273053214 0.0716632679104805 389
1741273054681 0.07757406681776047 390
1741273056158 0.061400867998600006 391
1741273057586 0.06678374856710434 392
1741273059037 0.0725412592291832 393
1741273060457 0.07833452522754669 394
1741273061884 0.07025763392448425 395
1741273063307 0.07522331178188324 396
1741273064764 0.06454510241746902 397
1741273066195 0.06778239458799362 398
1741273067628 0.07975617051124573 399
1741273069120 0.07160542905330658 400
1741273070601 0.06888237595558167 401
1741273072036 0.06363523751497269 402
1741273073501 0.07383763045072556 403
1741273074933 0.07014791667461395 404
1741273076341 0.06520986557006836 405
1741273077819 0.07441173493862152 406
1741273079250 0.06924211233854294 407
1741273080704 0.07291354238986969 408
1741273082131 0.08052732795476913 409
1741273083556 0.07469508051872253 410
1741273084960 0.07760260999202728 411
1741273086453 0.08993256092071533 412
1741273087915 0.08049377799034119 413
1741273089400 0.06983917206525803 414
1741273090827 0.077002614736557 415
1741273092264 0.07482393085956573 416
1741273093716 0.07644324004650116 417
1741273095151 0.061185918748378754 418
1741273096634 0.06931398808956146 419
1741273098089 0.06402047723531723 420
1741273099547 0.06635650992393494 421
1741273101010 0.0673980787396431 422
1741273102488 0.06533552706241608 423
1741273103939 0.07451638579368591 424
1741273105380 0.06205286085605621 425
1741273106862 0.06642419099807739 426
1741273108284 0.06683438271284103 427
1741273109729 0.07435804605484009 428
1741273111187 0.06945749372243881 429
1741273112641 0.06009121984243393 430
1741273114065 0.07766745239496231 431
1741273115500 0.07415154576301575 432
1741273116981 0.07201842963695526 433
1741273118413 0.07072186470031738 434
1741273119905 0.05707982927560806 435
1741273121338 0.07713692635297775 436
1741273122797 0.0655459463596344 437
1741273124185 0.06962040066719055 438
1741273125665 0.05978476256132126 439
1741273127093 0.07611050456762314 440
1741273128528 0.07539723813533783 441
1741273129982 0.07420682162046432 442
1741273131419 0.0704500675201416 443
1741273132876 0.0720609575510025 444
1741273134305 0.06217314302921295 445
1741273135753 0.07341424375772476 446
1741273137179 0.060465142130851746 447
1741273138616 0.06948456168174744 448
1741273140095 0.0640391856431961 449
1741273141561 0.0675082802772522 450
1741273143042 0.07508188486099243 451
1741273144494 0.07058165967464447 452
1741273145928 0.07387366890907288 453
1741273147357 0.07214979082345963 454
1741273148803 0.08010230958461761 455
1741273150230 0.0675387904047966 456
1741273151695 0.0618605837225914 457
1741273153180 0.06599248200654984 458
1741273154613 0.06862036138772964 459
1741273156056 0.08225729316473007 460
1741273157537 0.06512342393398285 461
1741273158974 0.06518375873565674 462
1741273160399 0.06684684753417969 463
1741273161860 0.07883013784885406 464
1741273163343 0.06835521757602692 465
1741273164740 0.055753353983163834 466
1741273166224 0.05836409702897072 467
1741273167683 0.06510931253433228 468
1741273169169 0.07479146867990494 469
1741273170597 0.06370928883552551 470
1741273172036 0.05795174092054367 471
1741273173517 0.07191117852926254 472
1741273174941 0.06225530058145523 473
1741273176387 0.0646720826625824 474
1741273177816 0.06580790877342224 475
1741273179246 0.060057416558265686 476
1741273180696 0.06271769106388092 477
1741273182129 0.06999174505472183 478
1741273412060 0.0627722516655922 479
1741273413522 0.06615407019853592 480
1741273414956 0.06577891111373901 481
1741273416454 0.05590086430311203 482
1741273417947 0.05569428578019142 483
1741273419436 0.06699539721012115 484
1741273420920 0.06343567371368408 485
1741273422375 0.05852918326854706 486
1741273423793 0.055372752249240875 487
1741273425194 0.06445297598838806 488
1741273426623 0.07186388969421387 489
1741273428048 0.05717645213007927 490
1741273429539 0.06803785264492035 491
1741273430975 0.07554374635219574 492
1741273432473 0.06269694864749908 493
1741273433955 0.06186152994632721 494
1741273435419 0.07456830143928528 495
1741273436845 0.05164305865764618 496
1741273438298 0.060195885598659515 497
1741273439755 0.052884358912706375 498
1741273441179 0.05946493521332741 499
1741273442625 0.05870705097913742 500
1741273444064 0.04848825931549072 501
1741273445552 0.04673241078853607 502
1741273447048 0.06334587931632996 503
1741273448528 0.05454980581998825 504
1741273449990 0.059134937822818756 505
1741273451455 0.05994190275669098 506
1741273452946 0.06519512832164764 507
1741273454417 0.06493747979402542 508
1741273455867 0.06707529723644257 509
1741273457312 0.06801460683345795 510
1741273458739 0.05575783550739288 511
1741273460213 0.05459403991699219 512
1741273461707 0.05914854258298874 513
1741273463200 0.06158047541975975 514
1741273464699 0.06397269666194916 515
1741273466176 0.051349446177482605 516
1741273467623 0.05815725028514862 517
1741273469081 0.0645356997847557 518
1741273470572 0.05781908333301544 519
1741273472026 0.057400960475206375 520
1741273473474 0.061643097549676895 521
1741273474904 0.06508542597293854 522
1741273476378 0.05569618195295334 523
1741273477804 0.06283307075500488 524
1741273479199 0.053347907960414886 525
1741273480653 0.06173735111951828 526
1741273482115 0.057240940630435944 527
1741273483556 0.06857700645923615 528
1741273485036 0.06544006615877151 529
1741273486470 0.0644376203417778 530
1741273487940 0.05546990782022476 531
1741273489391 0.058855295181274414 532
1741273490844 0.059013113379478455 533
1741273492308 0.06701316684484482 534
1741273493678 0.060422781854867935 535
1741273495068 0.0612456277012825 536
1741273496468 0.057429954409599304 537
1741273497892 0.04418984055519104 538
1741273499285 0.06305784732103348 539
1741273500736 0.06086653843522072 540
1741273502165 0.06460697203874588 541
1741273503619 0.06553789973258972 542
1741273505065 0.05766300857067108 543
1741273506496 0.06350202113389969 544
1741273507958 0.06717313826084137 545
1741273509348 0.06092221289873123 546
1741273510779 0.05983055382966995 547
1741273512251 0.06280330568552017 548
1741273513734 0.05430542305111885 549
1741273515200 0.04887038469314575 550
1741273516676 0.06237392872571945 551
1741273518139 0.05281250551342964 552
1741273519583 0.05429825186729431 553
1741273521009 0.056668296456336975 554
1741273522445 0.05978237837553024 555
1741273523878 0.05794573947787285 556
1741273525327 0.0572601854801178 557
1741273526758 0.05628282576799393 558
1741273528165 0.054793499410152435 559
1741273529662 0.05156321078538895 560
1741273531117 0.061371125280857086 561
1741273532545 0.06283705681562424 562
1741273533982 0.05509740114212036 563
1741273535408 0.04966241493821144 564
1741273536883 0.06501097977161407 565
1741273538365 0.050893187522888184 566
1741273539796 0.06703352928161621 567
1741273541267 0.06165667623281479 568
1741273542700 0.07224903255701065 569
1741273544180 0.06354725360870361 570
1741273545637 0.05488646775484085 571
1741273547092 0.05204465985298157 572
1741273548531 0.055229730904102325 573
1741273550114 0.07161971181631088 574
1741273551651 0.05450315773487091 575
1741273553094 0.049941811710596085 576
1741273554519 0.06726836413145065 577
1741273555957 0.0553169772028923 578
1741273557443 0.05226901173591614 579
1741273558878 0.05791030824184418 580
1741273560356 0.06153539940714836 581
1741273561805 0.057381533086299896 582
1741273563242 0.04667360335588455 583
1741273564668 0.06488405168056488 584
1741273566070 0.04838278144598007 585
1741273567544 0.05561837553977966 586
1741273569004 0.08016836643218994 587
1741273570472 0.051712363958358765 588
1741273571936 0.06397628784179688 589
1741273573388 0.05199764668941498 590
1741273574822 0.054100725799798965 591
1741273576239 0.06465515494346619 592
1741273577691 0.060832731425762177 593
1741273579152 0.055211976170539856 594
1741273580574 0.06602472066879272 595
1741273582036 0.06032056361436844 596
1741273583489 0.04667358100414276 597
1741273584970 0.059487052261829376 598
1741273586404 0.06031714007258415 599
1741273587829 0.06253062188625336 600
1741273589263 0.05315619707107544 601
1741273590712 0.051720522344112396 602
1741273592167 0.0565870925784111 603
1741273593645 0.05619395524263382 604
1741273595114 0.05976973474025726 605
1741273596543 0.05457635968923569 606
1741273597976 0.056927390396595 607
1741273599466 0.05084504932165146 608
1741273600948 0.05904506891965866 609
1741273602404 0.040231067687273026 610
1741273603835 0.05694682151079178 611
1741273605264 0.05162707716226578 612
1741273606741 0.055201344192028046 613
1741273608221 0.05246715247631073 614
1741273609698 0.05125526338815689 615
1741273611129 0.051525674760341644 616
1741273612554 0.06806141883134842 617
1741273613990 0.04819818586111069 618
1741273615429 0.06540168821811676 619
1741273616910 0.0516318753361702 620
1741273618336 0.0632757842540741 621
1741273619819 0.05656544119119644 622
1741273621303 0.0601419135928154 623
1741273622775 0.05659952759742737 624
1741273624228 0.05143651366233826 625
1741273625653 0.050603896379470825 626
1741273627105 0.042138371616601944 627
1741273628560 0.06319156289100647 628
1741273629983 0.06756104528903961 629
1741273631404 0.056580036878585815 630
1741273632864 0.05584963411092758 631
1741273634311 0.06242014467716217 632
1741273635744 0.06701797246932983 633
1741273637215 0.04713191092014313 634
1741273638668 0.059147909283638 635
1741273640093 0.058366306126117706 636
1741273641559 0.047078486531972885 637
1741273643034 0.05453947186470032 638
1741273644494 0.04632116109132767 639
1741273645980 0.05453921854496002 640
1741273647453 0.06324197351932526 641
1741273648904 0.05296076834201813 642
1741273650338 0.06312398612499237 643
1741273651772 0.05766398459672928 644
1741273653230 0.046381719410419464 645
1741273654697 0.0564727783203125 646
1741273656144 0.0555528923869133 647
1741273657591 0.057106226682662964 648
1741273658999 0.045870259404182434 649
1741273660448 0.0478023961186409 650
1741273661921 0.04879048466682434 651
1741273663354 0.05210103839635849 652
1741273664856 0.04108710587024689 653
1741273666303 0.0630221962928772 654
1741273667736 0.05952471122145653 655
1741273669168 0.04566391184926033 656
1741273670593 0.058886416256427765 657
1741273672037 0.05661197006702423 658
1741273673507 0.05473204329609871 659
1741273674946 0.05341795086860657 660
1741273676431 0.05085199326276779 661
1741273677891 0.047249939292669296 662
1741273679356 0.0515286847949028 663
1741273680831 0.0623660683631897 664
1741273682290 0.05847366899251938 665
1741273683748 0.05369589850306511 666
1741273685173 0.059667620807886124 667
1741273686666 0.05431325361132622 668
1741273688091 0.06466645002365112 669
1741273689518 0.05183529481291771 670
1741273690971 0.04665578156709671 671
1741273692415 0.05347265303134918 672
1741273693852 0.04441729187965393 673
1741273695273 0.05273352190852165 674
1741273696696 0.04464741051197052 675
1741273698197 0.055034089833498 676
1741273699659 0.05159936100244522 677
1741273701106 0.053946055471897125 678
1741273702547 0.055052824318408966 679
1741273704011 0.05310235172510147 680
1741273705436 0.05748873949050903 681
1741273706891 0.05516382306814194 682
1741273708353 0.0553802065551281 683
1741273709829 0.046761296689510345 684
1741273711257 0.057639047503471375 685
1741273712713 0.04508890211582184 686
1741273714138 0.05548813194036484 687
1741273715650 0.0609641894698143 688
1741273717118 0.0636073499917984 689
1741273718576 0.05618206411600113 690
1741273720039 0.05734393373131752 691
1741273721513 0.047670088708400726 692
1741273723007 0.05435203015804291 693
1741273724466 0.058006156235933304 694
1741273725920 0.0517844632267952 695
1741273727345 0.048032496124506 696
1741273728778 0.0581340417265892 697
1741273730301 0.06237184256315231 698
1741273731744 0.057413939386606216 699
1741273733194 0.04873393103480339 700
1741273734580 0.06474007666110992 701
1741273736005 0.054993994534015656 702
1741273737412 0.050854891538619995 703
1741273738899 0.049201056361198425 704
1741273740384 0.05004117265343666 705
1741273741839 0.04938993975520134 706
1741273743270 0.05500321835279465 707
1741273744715 0.05571581423282623 708
1741273746140 0.050987787544727325 709
1741273747604 0.0609794557094574 710
1741273749091 0.04994718357920647 711
1741273750570 0.06586878001689911 712
1741273752038 0.05348309874534607 713
1741273753543 0.05556410178542137 714
1741273755020 0.05309370160102844 715
1741273756441 0.06814733147621155 716
1741273757885 0.054778680205345154 717
