1741268952761 2.998608350208848e-05 1
1741268954502 2.9944360721307587e-05 2
1741268956216 2.9874911745242377e-05 3
1741268957906 2.977786988237979e-05 4
1741268959637 2.9653421406220776e-05 5
1741268961367 2.9501805197725133e-05 6
1741268963094 2.9323312286775466e-05 7
1741268964830 2.911828529354039e-05 8
1741268966539 2.888711777080931e-05 9
1741268968262 2.863025344856116e-05 10
1741268970001 2.8348185382217193e-05 11
1741268971731 2.8041455006212752e-05 12
1741268973447 2.7710651094704665e-05 13
1741268975172 2.7356408631409302e-05 14
1741268976875 2.6979407590740544e-05 15
1741268978620 2.6580371632587364e-05 16
1741268980310 2.616006671323642e-05 17
1741268982046 2.5719299615105972e-05 18
1741268983765 2.5258916398113342e-05 19
1741268985505 2.4779800775648564e-05 20
1741268987195 2.428287241827156e-05 21
1741268988880 2.3769085188388897e-05 22
1741268990583 2.323942530929873e-05 23
1741268992303 2.2694909472118465e-05 24
1741268993998 2.213658288422891e-05 25
1741268995747 2.1565517262981008e-05 26
1741268997441 2.0982808778516205e-05 27
1741268999186 2.038957594964926e-05 28
1741269000886 1.9786957496852452e-05 29
1741269002600 1.9176110156462308e-05 30
1741269004291 1.855820646030458e-05 31
1741269005993 1.793443248499957e-05 32
1741269007711 1.7305985575267904e-05 33
1741269009375 1.6674072045607073e-05 34
1741269011120 1.6039904864750288e-05 35
1741269012850 1.5404701327352438e-05 36
1741269014589 1.4769680717372363e-05 37
1741269016307 1.4136061967636626e-05 38
1741269017995 1.3505061320077276e-05 39
1741269019693 1.287788999113486e-05 40
1741269021390 1.2255751846807912e-05 41
1741269023135 1.1639841091811768e-05 42
1741269024828 1.1031339977282382e-05 43
1741269026555 1.0431416531425192e-05 44
1741269028266 9.841222317465211e-06 45
1741269029969 9.261890223201894e-06 46
1741269031694 8.694532286411757e-06 47
1741269033396 8.140237560273094e-06 48
1741269035091 7.600070022909838e-06 49
1741269036812 7.0750665350675895e-06 50
1741269038498 6.566234849841824e-06 51
1741269040197 6.074551678278697e-06 52
1741269041940 5.600960814561696e-06 53
1741269043638 5.146371324382662e-06 54
1741269045383 4.711655799974775e-06 55
1741269047064 4.297648685157021e-06 56
1741269048755 3.905144673605081e-06 57
1741269050582 3.534897183423365e-06 58
1741269052325 3.1876169109462064e-06 59
1741269054056 2.8639704665441774e-06 60
1741269055774 2.5645790950541763e-06 61
1741269057462 2.2900174832894664e-06 62
1741269059156 2.040812656918551e-06 63
1741269060902 1.8174429688305012e-06 64
1741269062597 1.6203371809284597e-06 65
1741269064254 1.449873641113891e-06 66
1741269065946 1.3063795570414004e-06 67
1741269067657 1.1901303680380626e-06 68
1741269069318 1.1013492163929786e-06 69
1741269071071 1.0402065190318652e-06 70
1741269072807 1.0068196403988775e-06 71
1741269074498 1.0012526671735712e-06 72
1741269076237 1.0235162852554297e-06 73
1741269077921 1.073567759252104e-06 74
1741269079583 1.1513110145107196e-06 75
1741269081253 1.2565968215348007e-06 76
1741269082996 1.3892230824328222e-06 77
1741269084719 1.5489352188485345e-06 78
1741269086399 1.73542666062844e-06 79
1741269088060 1.9483394342883903e-06 80
1741269089743 2.1872648501497702e-06 81
1741269091464 2.45174428682626e-06 82
1741269093156 2.741270071555355e-06 83
1741269094853 3.055286454684841e-06 84
1741269096631 3.3931906764436873e-06 85
1741269098385 3.7543341239496273e-06 86
1741269100109 4.138023576232603e-06 87
1741269101847 4.543522534884147e-06 88
1741269103594 4.9700526377785775e-06 89
1741269105305 5.4167951531522856e-06 90
1741269106995 5.882892551173243e-06 91
1741269108642 6.367450149984063e-06 92
1741269110307 6.8695378330589615e-06 93
1741269111961 7.388191834578255e-06 94
1741269113666 7.922416589393078e-06 95
1741269115394 8.471186644029707e-06 96
1741269117114 9.033448625064806e-06 97
1741269118837 9.608123261093554e-06 98
1741269120580 1.0194107454409475e-05 99
1741269122356 1.0790276398419118e-05 100
1741269124109 1.1395485736727401e-05 101
1741269125844 1.2008573759749153e-05 102
1741269127573 1.2628363634630323e-05 103
1741269129298 1.325366566419857e-05 104
1741269130989 1.3883279570607184e-05 105
1741269132719 1.4515996799288799e-05 106
1741269134413 1.5150602838796281e-05 107
1741269136138 1.578587955207813e-05 108
1741269137887 1.642060751471318e-05 109
1741269139557 1.7053568355616383e-05 110
1741269141247 1.768354709572284e-05 111
1741269142964 1.8309334480160712e-05 112
1741269144691 1.8929729299436374e-05 113
1741269146411 1.9543540695176497e-05 114
1741269148168 2.0149590446000838e-05 115
1741269149895 2.0746715229138096e-05 116
1741269151591 2.1333768853443816e-05 117
1741269153324 2.1909624459533653e-05 118
1741269154985 2.2473176682809032e-05 119
1741269156676 2.3023343775223308e-05 120
1741269158371 2.355906968171545e-05 121
1741269160062 2.4079326067325614e-05 122
1741269161750 2.4583114291101524e-05 123
1741269163463 2.5069467323006796e-05 124
1741269165145 2.553745160015137e-05 125
1741269166871 2.5986168818781408e-05 126
1741269168610 2.6414757658588475e-05 127
1741269170329 2.6822395436028586e-05 128
1741269172021 2.7208299683477115e-05 129
1741269173713 2.757172965118874e-05 130
1741269175461 2.7911987729179108e-05 131
1741269177185 2.8228420786298984e-05 132
1741269178916 2.8520421423930666e-05 133
1741269180637 2.878742914189983e-05 134
1741269182377 2.9028931414365157e-05 135
1741269184093 2.9244464673620406e-05 136
1741269185776 2.9433615199920426e-05 137
1741269187459 2.9596019915623254e-05 138
1741269189161 2.9731367082123803e-05 139
1741269190921 2.983939689824139e-05 140
1741269192638 2.9919901998912518e-05 141
1741269194356 2.997272785323162e-05 142
1741269196070 2.9997773061075757e-05 143
1741269197765 2.999498954774387e-05 144
1741269199473 2.9964382656236985e-05 145
1741269201187 2.990601113700225e-05 146
1741269202928 2.9819987035160416e-05 147
1741269204680 2.9706475475433365e-05 148
1741269206398 2.9565694345184392e-05 149
1741269208108 2.9397913876179718e-05 150
1741269209791 2.9203456125874028e-05 151
1741269211482 2.898269435921574e-05 152
1741269213206 2.873605233215859e-05 153
1741269214894 2.8464003478254926e-05 154
1741269216608 2.8167069999891937e-05 155
1741269218279 2.784582186591536e-05 156
1741269220035 2.750087571756457e-05 157
1741269221743 2.7132893684819294e-05 158
1741269223468 2.6742582115429934e-05 159
1741269225206 2.633069021907099e-05 160
1741269226933 2.5898008629220444e-05 161
1741269228638 2.5445367885525426e-05 162
1741269230489 2.49736368395672e-05 163
1741269232209 2.4483720987085886e-05 164
1741269233896 2.3976560729866038e-05 165
1741269235622 2.34531295706194e-05 166
1741269237346 2.291443224433008e-05 167
1741269239052 2.2361502789648567e-05 168
1741269240815 2.179540256403713e-05 169
1741269242512 2.1217218206476082e-05 170
1741269244222 2.062805955164192e-05 171
1741269245944 2.0029057499560784e-05 172
1741269247631 1.9421361844826694e-05 173
1741269249292 1.88061390695514e-05 174
1741269251037 1.8184570104282092e-05 175
1741269252747 1.7557848061185243e-05 176
1741269254469 1.6927175943847595e-05 177
1741269256188 1.629376433809039e-05 178
1741269257913 1.5658829088229292e-05 179
1741269259661 1.5023588963240643e-05 180
1741269261362 1.4389263317313812e-05 181
1741269263117 1.3757069749280066e-05 182
1741269264806 1.3128221765411006e-05 183
1741269266505 1.2503926450072752e-05 184
1741269268229 1.1885382148706956e-05 185
1741269269949 1.1273776167586468e-05 186
1741269271666 1.0670282494760768e-05 187
1741269273354 1.007605954656609e-05 188
1741269275059 9.492247944025564e-06 189
1741269276758 8.919968323407783e-06 190
1741269278441 8.36031918514656e-06 191
1741269280102 7.814374785250693e-06 192
1741269281808 7.2831830732513264e-06 193
1741269283494 6.767763680645148e-06 194
1741269285184 6.269105963694308e-06 195
1741269286889 5.788167104340396e-06 196
1741269288574 5.325870272877446e-06 197
1741269290272 4.883102855910901e-06 198
1741269291992 4.460714753004034e-06 199
1741269293687 4.05951674528122e-06 200
1741269295406 3.680278939119952e-06 201
1741269297130 3.323729287918477e-06 202
1741269298821 2.990552194776974e-06 203
1741269300538 2.681387198774183e-06 204
1741269302207 2.3968277473613024e-06 205
1741269303902 2.1374200572295356e-06 206
1741269305598 1.9036620658379303e-06 207
1741269307296 1.6960024756139173e-06 208
1741269309005 1.5148398926614656e-06 209
1741269310737 1.3605220616298503e-06 210
1741269312459 1.2333451982119363e-06 211
1741269314177 1.1335534205531157e-06 212
1741269315842 1.061338280662418e-06 213
1741269317573 1.0168383967251433e-06 214
1741269319297 1.0001391870229295e-06 215
1741269320991 1.0112727059719101e-06 216
1741269322710 1.0502175825937173e-06 217
1741269324447 1.1168990615374311e-06 218
1741269326183 1.2111891465737504e-06 219
1741269327878 1.332906846285908e-06 220
1741269329581 1.4818185214857968e-06 221
1741269331315 1.6576383336883202e-06 222
1741269333045 1.8600287937832284e-06 223
1741269334769 2.0886014098511916e-06 224
1741269336412 2.3429174328805837e-06 225
1741269338085 2.62248869895371e-06 226
1741269339833 2.926778566285683e-06 227
1741269341533 3.2552029453174406e-06 228
1741269343234 3.607131419885547e-06 229
1741269344932 3.981888457316748e-06 230
1741269346660 4.3787547051242595e-06 231
1741269348357 4.796968371817245e-06 232
1741269350080 5.2357266891723825e-06 233
1741269351781 5.694187453161102e-06 234
1741269353480 6.171470640574497e-06 235
1741269355211 6.6666600982428155e-06 236
1741269356938 7.178805301606921e-06 237
1741269358635 7.70692317926642e-06 238
1741269360347 8.250000000001798e-06 239
