1741268952760 0.11099059879779816 1
1741268954502 0.11043830215930939 2
1741268956215 0.11266219615936279 3
1741268957905 0.11252577602863312 4
1741268959637 0.10755789279937744 5
1741268961367 0.10552243143320084 6
1741268963093 0.1086353063583374 7
1741268964829 0.10745659470558167 8
1741268966538 0.11119522154331207 9
1741268968261 0.1083441972732544 10
1741268970000 0.10538408160209656 11
1741268971730 0.10732980072498322 12
1741268973446 0.10934382677078247 13
1741268975172 0.10894519835710526 14
1741268976874 0.11129239946603775 15
1741268978620 0.10676290094852448 16
1741268980309 0.10977671295404434 17
1741268982045 0.10817880928516388 18
1741268983764 0.10704229772090912 19
1741268985504 0.10819901525974274 20
1741268987194 0.11165954172611237 21
1741268988879 0.10878095030784607 22
1741268990582 0.10984019190073013 23
1741268992302 0.1067788228392601 24
1741268993997 0.10766522586345673 25
1741268995746 0.10703042149543762 26
1741268997441 0.10791203379631042 27
1741268999185 0.1077314242720604 28
1741269000885 0.10677975416183472 29
1741269002599 0.1083238422870636 30
1741269004290 0.10805896669626236 31
1741269005992 0.10627979040145874 32
1741269007710 0.10496068000793457 33
1741269009375 0.10706165432929993 34
1741269011120 0.10909050703048706 35
1741269012849 0.11111520230770111 36
1741269014589 0.10775779187679291 37
1741269016306 0.10467855632305145 38
1741269017994 0.10611356794834137 39
1741269019692 0.10707796365022659 40
1741269021390 0.10866598784923553 41
1741269023134 0.10718049108982086 42
1741269024828 0.10594335198402405 43
1741269026554 0.10627540200948715 44
1741269028265 0.1081799864768982 45
1741269029968 0.10631085932254791 46
1741269031693 0.10486441105604172 47
1741269033395 0.10603482276201248 48
1741269035090 0.10866345465183258 49
1741269036811 0.10774360597133636 50
1741269038498 0.10190759599208832 51
1741269040196 0.10689134150743484 52
1741269041939 0.10523693263530731 53
1741269043637 0.10732461512088776 54
1741269045382 0.10362043976783752 55
1741269047063 0.10868573188781738 56
1741269048754 0.10784963518381119 57
1741269050581 0.10533873736858368 58
1741269052324 0.10534112900495529 59
1741269054055 0.10963477194309235 60
1741269055773 0.10759737342596054 61
1741269057461 0.10611099004745483 62
1741269059155 0.10733980685472488 63
1741269060901 0.10505086183547974 64
1741269062596 0.10721166431903839 65
1741269064253 0.10757291316986084 66
1741269065945 0.1020306646823883 67
1741269067656 0.1054549515247345 68
1741269069317 0.10728435218334198 69
1741269071070 0.10744363069534302 70
1741269072806 0.10730347037315369 71
1741269074498 0.10774770379066467 72
1741269076236 0.10368078202009201 73
1741269077920 0.10697165876626968 74
1741269079583 0.10684139281511307 75
1741269081252 0.10412488132715225 76
1741269082995 0.10728797316551208 77
1741269084718 0.10818935930728912 78
1741269086398 0.10647834837436676 79
1741269088059 0.10367019474506378 80
1741269089742 0.10774482786655426 81
1741269091463 0.10839447379112244 82
1741269093155 0.10347256809473038 83
1741269094853 0.10800239443778992 84
1741269096630 0.1067085862159729 85
1741269098384 0.1062874048948288 86
1741269100108 0.10888182371854782 87
1741269101846 0.10610970109701157 88
1741269103594 0.10720138251781464 89
1741269105304 0.1094914972782135 90
1741269106994 0.10225464403629303 91
1741269108641 0.10727173089981079 92
1741269110306 0.10768306255340576 93
1741269111960 0.10421840846538544 94
1741269113665 0.1003665030002594 95
1741269115394 0.10477465391159058 96
1741269117113 0.10633127391338348 97
1741269118837 0.10404802858829498 98
1741269120579 0.10754837095737457 99
1741269122355 0.10641809552907944 100
1741269124108 0.10792824625968933 101
1741269125843 0.10795077681541443 102
1741269127572 0.10466048121452332 103
1741269129297 0.11057890951633453 104
1741269130988 0.10554197430610657 105
1741269132718 0.11262120306491852 106
1741269134412 0.10629092156887054 107
1741269136137 0.10467440634965897 108
1741269137886 0.10868710279464722 109
1741269139556 0.106085404753685 110
1741269141246 0.1055721789598465 111
1741269142963 0.10839927196502686 112
1741269144690 0.1061224490404129 113
1741269146410 0.10537320375442505 114
1741269148167 0.10330502688884735 115
1741269149894 0.10569307208061218 116
1741269151590 0.10896940529346466 117
1741269153323 0.1007932722568512 118
1741269154978 0.1052735447883606 119
1741269156675 0.10519181936979294 120
1741269158370 0.10609042644500732 121
1741269160061 0.10533368587493896 122
1741269161750 0.10404685884714127 123
1741269163462 0.1055656373500824 124
1741269165144 0.1054193377494812 125
1741269166871 0.10733994096517563 126
1741269168609 0.10349351167678833 127
1741269170328 0.1070031151175499 128
1741269172020 0.10820038616657257 129
1741269173712 0.10553377866744995 130
1741269175461 0.10778433084487915 131
1741269177184 0.10365565121173859 132
1741269178910 0.10449835658073425 133
1741269180636 0.10215310752391815 134
1741269182376 0.10579805076122284 135
1741269184092 0.10873164236545563 136
1741269185775 0.10523523390293121 137
1741269187458 0.10625683516263962 138
1741269189161 0.10135996341705322 139
1741269190920 0.10151252150535583 140
1741269192637 0.10811193287372589 141
1741269194355 0.10862326622009277 142
1741269196070 0.1038159430027008 143
1741269197764 0.10614645481109619 144
1741269199456 0.10928216576576233 145
1741269201187 0.10757321119308472 146
1741269202927 0.11004765331745148 147
1741269204679 0.10863912105560303 148
1741269206397 0.10551399737596512 149
1741269208108 0.10810112953186035 150
1741269209790 0.10876013338565826 151
1741269211481 0.10651936382055283 152
1741269213205 0.110952228307724 153
1741269214893 0.10665774345397949 154
1741269216608 0.10648302733898163 155
1741269218279 0.10658907145261765 156
1741269220034 0.10578766465187073 157
1741269221742 0.10563844442367554 158
1741269223467 0.10837475210428238 159
1741269225205 0.10895886272192001 160
1741269226932 0.10503677278757095 161
1741269228638 0.10684288293123245 162
1741269230488 0.10386554151773453 163
1741269232208 0.10217666625976562 164
1741269233895 0.10493670403957367 165
1741269235621 0.10689857602119446 166
1741269237345 0.10231631249189377 167
1741269239051 0.10091391950845718 168
1741269240815 0.10482212901115417 169
1741269242511 0.10251764953136444 170
1741269244221 0.10489729046821594 171
1741269245943 0.10355962812900543 172
1741269247630 0.1040990874171257 173
1741269249291 0.10350105911493301 174
1741269251036 0.1051701158285141 175
1741269252746 0.10549148917198181 176
1741269254469 0.10638575255870819 177
1741269256187 0.10619397461414337 178
1741269257913 0.09999784827232361 179
1741269259660 0.10689704120159149 180
1741269261361 0.10497309267520905 181
1741269263116 0.09926921129226685 182
1741269264805 0.09762044250965118 183
1741269266491 0.106687530875206 184
1741269268228 0.10694949328899384 185
1741269269948 0.10606837272644043 186
1741269271665 0.10184875130653381 187
1741269273353 0.1041475385427475 188
1741269275058 0.09935083985328674 189
1741269276757 0.1012665331363678 190
1741269278440 0.10469953715801239 191
1741269280101 0.10292717814445496 192
1741269281807 0.09879415482282639 193
1741269283493 0.09892328083515167 194
1741269285183 0.10758861899375916 195
1741269286889 0.10433889925479889 196
1741269288573 0.10664929449558258 197
1741269290271 0.09819012880325317 198
1741269291992 0.10312413424253464 199
1741269293686 0.10364507138729095 200
1741269295405 0.10391613841056824 201
1741269297130 0.10436658561229706 202
1741269298810 0.10175539553165436 203
1741269300537 0.10273393243551254 204
1741269302200 0.10442161560058594 205
1741269303901 0.09878478944301605 206
1741269305597 0.10264336317777634 207
1741269307295 0.10336720943450928 208
1741269309004 0.10030202567577362 209
1741269310737 0.09925064444541931 210
1741269312458 0.10603472590446472 211
1741269314176 0.10002526640892029 212
1741269315841 0.10158152878284454 213
1741269317573 0.10361368954181671 214
1741269319296 0.10002830624580383 215
1741269320990 0.09967096149921417 216
1741269322693 0.09556019306182861 217
1741269324446 0.10209357738494873 218
1741269326182 0.10074005275964737 219
1741269327877 0.09996834397315979 220
1741269329580 0.10704012960195541 221
1741269331314 0.10125018656253815 222
1741269333044 0.09780827164649963 223
1741269334769 0.09958945214748383 224
1741269336411 0.10343501716852188 225
1741269338084 0.0924101173877716 226
1741269339832 0.10516301542520523 227
1741269341532 0.09951627254486084 228
1741269343233 0.099526047706604 229
1741269344931 0.09943118691444397 230
1741269346659 0.1073511615395546 231
1741269348356 0.10526099056005478 232
1741269350079 0.1046847254037857 233
1741269351780 0.09826730191707611 234
1741269353479 0.10986894369125366 235
1741269355210 0.10227920114994049 236
1741269356937 0.10160891711711884 237
1741269358634 0.09700018167495728 238
1741269360346 0.10122073441743851 239
